ID,A,B,NEITHER
development-1,0.7153429656383414,0.14524048808109602,0.1394165462805626
development-2,0.819555052475498,0.04330901720757126,0.13713593031693064
development-3,0.04367150251168265,0.9172713315150443,0.039057165973273404
development-4,0.31060188772931585,0.6064266188829183,0.08297149338776601
development-5,0.11965419454267168,0.7927847073261582,0.08756109813116997
development-6,0.9252581265449988,0.04989965808417511,0.024842215370825912
development-7,0.4362496442657069,0.3627197664249358,0.2010305893093572
development-8,0.48319615417785916,0.4233004392472255,0.0935034065749152
development-9,0.16897039045678552,0.7442801238606777,0.08674948568253657
development-10,0.347552212086571,0.5759640826223232,0.07648370529110553
development-11,0.09681210080064079,0.7085902394250269,0.19459765977433252
development-12,0.8906842714949104,0.07660673331271338,0.03270899519237619
development-13,0.4004016131695981,0.5880648852097319,0.011533501620669922
development-14,0.7628930583614051,0.08050383900806261,0.1566031026305324
development-15,0.08294627517867349,0.8652789465245846,0.05177477829674187
development-16,0.3213546778786219,0.565407354218447,0.11323796790293084
development-17,0.4588033642027894,0.41786598260801616,0.12333065318919437
development-18,0.4110329295710301,0.390165469148838,0.19880160128013202
development-19,0.18040553498966344,0.400089424873497,0.41950504013683965
development-20,0.587131287989531,0.30723900699343265,0.10562970501703615
development-21,0.14058390043249402,0.644437039104579,0.21497906046292728
development-22,0.9457594822763206,0.03320163670068335,0.021038881022995965
development-23,0.8148121810418799,0.15218567749764633,0.03300214146047373
development-24,0.04871555785611151,0.8694744251243628,0.08181001701952591
development-25,0.9177245742195029,0.03400417954931866,0.04827124623117827
development-26,0.1204024446681758,0.8643957567104428,0.0152017986213814
development-27,0.24466059401239984,0.6067364200914188,0.14860298589618132
development-28,0.886677282579233,0.08537273134050853,0.02794998608025841
development-29,0.2374427550383572,0.5855283460126877,0.17702889894895482
development-30,0.9104887774386586,0.05575109829626399,0.03376012426507768
development-31,0.7249705050148971,0.2506394300837202,0.024390064901382603
development-32,0.2948229648084143,0.2191192406494688,0.48605779454211684
development-33,0.1666961200349053,0.7966076895383674,0.036696190426727206
development-34,0.28357668897931526,0.06884058692315512,0.6475827240975296
development-35,0.9558486008070939,0.029598529425084376,0.0145528697678217
development-36,0.14093655699366847,0.7887412400540338,0.07032220295229756
development-37,0.07621189089271486,0.8830197965814336,0.04076831252585144
development-38,0.5790965379254104,0.2336374619337319,0.18726600014085762
development-39,0.8741442974917965,0.08035238857176705,0.045503313936436654
development-40,0.9192169807502251,0.06196778877771142,0.01881523047206377
development-41,0.920935765638882,0.0578704614148625,0.021193772946255452
development-42,0.88201496226446,0.09548221129420131,0.02250282644133852
development-43,0.008237848520626121,0.9627574966523814,0.029004654826992396
development-44,0.0609778107888124,0.9178274453015527,0.021194743909634942
development-45,0.24619851416721136,0.549210203993627,0.20459128183916134
development-46,0.3137427237261623,0.5314536173350674,0.15480365893877074
development-47,0.5597132722427546,0.1872467023600178,0.2530400253972272
development-48,0.015949239053684502,0.8291144845012436,0.15493627644507177
development-49,0.8467443927626291,0.11803258252629081,0.035223024711079874
development-50,0.18876291937609696,0.25711735645782496,0.5541197241660781
development-51,0.06788738314852442,0.8239380958189602,0.10817452103251558
development-52,0.21196889562624133,0.7073521573629779,0.0806789470107808
development-53,0.027278249099706754,0.9579366321501858,0.014785118750107545
development-54,0.6328906939005357,0.23568851454734865,0.1314207915521158
development-55,0.18503998972649957,0.7433295502787234,0.07163045999477712
development-56,0.1341735547096026,0.4785660729839748,0.38726037230642263
development-57,0.1747188933504747,0.7250089924090667,0.10027211424045844
development-58,0.6996093644431358,0.1333879511697208,0.16700268438714352
development-59,0.9477335425299444,0.0472506154005313,0.005015842069524353
development-60,0.8834616338451032,0.05634913059322562,0.060189235561671196
development-61,0.07476356142515041,0.8228939460019052,0.10234249257294467
development-62,0.6655349807481493,0.30991268734805166,0.024552331903799005
development-63,0.1627237786173745,0.7528381381994524,0.08443808318317306
development-64,0.07032817539862864,0.8686672067515392,0.06100461784983199
development-65,0.47485188000329615,0.3506135993578988,0.17453452063880512
development-66,0.15552079459785745,0.4747062313797659,0.36977297402237674
development-67,0.8923375200472454,0.0957613046393787,0.011901175313376044
development-68,0.7806135383606502,0.14686768821065918,0.07251877342869034
development-69,0.17362822591020724,0.6802319592612157,0.1461398148285766
development-70,0.8408371982800081,0.09342097274605539,0.06574182897393661
development-71,0.035956008351592204,0.9342349328647981,0.02980905878361003
development-72,0.7905903233555941,0.1864123403138187,0.02299733633058695
development-73,0.030458987137541114,0.8202334070472745,0.1493076058151844
development-74,0.9202197502317975,0.04313583957588854,0.036644410192313986
development-75,0.5870651809665631,0.38972353209195565,0.023211286941480908
development-76,0.9426381887289287,0.01231091849555438,0.04505089277551691
development-77,0.4947288987649067,0.3811623396777136,0.12410876155737971
development-78,0.09683817027463933,0.5155542990862821,0.38760753063907866
development-79,0.8635559753186031,0.126271371835628,0.010172652845768843
development-80,0.029177124757817096,0.9457523033445503,0.025070571897632673
development-81,0.06511430380724187,0.4019669335130754,0.5329187626796826
development-82,0.3446140185809783,0.3114210556416367,0.34396492577738474
development-83,0.8233636440485457,0.1664286559370622,0.010207700014392408
development-84,0.08320528144903387,0.8105699109995081,0.10622480755145751
development-85,0.1839041845542248,0.3053852742959623,0.5107105411498128
development-86,0.894513725648305,0.09536991952466557,0.010116354827029194
development-87,0.5241803147292005,0.4033707838698703,0.07244890140092947
development-88,0.6282991733027739,0.36032483665280035,0.01137599004442602
development-89,0.15173225125306522,0.5871916174627309,0.2610761312842039
development-90,0.9725477713161711,0.022892041163620827,0.0045601875202082205
development-91,0.08557484807186046,0.6891872506389531,0.22523790128918666
development-92,0.2823477705562821,0.6533673335062117,0.06428489593750612
development-93,0.24625405171243295,0.5342281182584369,0.21951783002913033
development-94,0.9739263747059155,0.01519977671230417,0.010873848581780369
development-95,0.19648765303411103,0.7912688338978802,0.01224351306800907
development-96,0.8669431080008425,0.0843882731540423,0.048668618845115225
development-97,0.1493214631397192,0.7568271066771571,0.09385143018312368
development-98,0.250516440761589,0.384209196292702,0.36527436294570875
development-99,0.35093387435027257,0.5385568617458192,0.1105092639039083
development-100,0.4610083952873346,0.2600613511750317,0.2789302535376337
development-101,0.38037515206933054,0.1358496802073626,0.4837751677233065
development-102,0.46124799100626657,0.3923876542811656,0.14636435471256753
development-103,0.02098537003177009,0.9762771721083795,0.002737457859850478
development-104,0.7092152574886392,0.1745333109986574,0.11625143151270331
development-105,0.841285099812475,0.1513674998614234,0.007347400326101686
development-106,0.8418160456992136,0.11269161954072707,0.04549233476005976
development-107,0.8916973331181907,0.054130932491687773,0.05417173439012183
development-108,0.013481920099699089,0.9744911636386066,0.012026916261694378
development-109,0.9707022319433333,0.026283533613235148,0.003014234443431549
development-110,0.07171178117366243,0.8245575598986353,0.1037306589277024
development-111,0.9735369754458812,0.015043106707355364,0.011419917846763479
development-112,0.8544395612207212,0.11304611156841396,0.032514327210864995
development-113,0.054719278206026484,0.4098442287499601,0.5354364930440129
development-114,0.02037160818544095,0.8210740103351946,0.1585543814793645
development-115,0.12865477345320067,0.3429438993509291,0.5284013271958702
development-116,0.03054026099274196,0.9101018416772539,0.05935789733000403
development-117,0.9453969313009734,0.036180824572766696,0.018422244126260114
development-118,0.9126411400487782,0.0755047132130296,0.011854146738192694
development-119,0.15842537152110397,0.6666775065983591,0.1748971218805368
development-120,0.878581285933817,0.10687340521449876,0.014545308851684036
development-121,0.4356038927154506,0.45370520244858914,0.11069090483596024
development-122,0.048059359174028295,0.6729327858969918,0.2790078549289796
development-123,0.05707154681892592,0.778315687389002,0.1646127657920721
development-124,0.855943342628658,0.1159432127534776,0.028113444617864237
development-125,0.12900034910860014,0.6991570471507135,0.17184260374068666
development-126,0.36288912967898873,0.41064127336856987,0.22646959695244115
development-127,0.09256172769615269,0.6763828123086293,0.2310554599952179
development-128,0.05536864704283559,0.9378919976809186,0.0067393552762457145
development-129,0.8304863334503345,0.1257046172785153,0.043809049271150084
development-130,0.8979746425235468,0.09608886530617448,0.0059364921702787544
development-131,0.24414118068267496,0.6388891429212292,0.11696967639609543
development-132,0.5706882209169445,0.3479232358541915,0.08138854322886371
development-133,0.9472517291676431,0.043266972742225074,0.009481298090131896
development-134,0.6892417263090388,0.2624960558038596,0.04826221788710177
development-135,0.010244999044061233,0.9817760055136708,0.00797899544226784
development-136,0.9160642510684126,0.06482605261276873,0.019109696318818988
development-137,0.6907890352603655,0.10510828338019773,0.20410268135943674
development-138,0.5495068045338509,0.37599096651759634,0.07450222894855273
development-139,0.791699618773557,0.1593575062398258,0.04894287498661735
development-140,0.037291292468512566,0.9157086062070297,0.047000101324457776
development-141,0.8179443894741424,0.1691092424837958,0.012946368042061876
development-142,0.07288779545259257,0.6080495621238992,0.3190626424235083
development-143,0.8344770250857505,0.06233460959954176,0.1031883653147078
development-144,0.0880588773940348,0.8177592692055489,0.09418185340041645
development-145,0.7987745865966576,0.10681146406623769,0.09441394933710472
development-146,0.3862036684673032,0.5448788313476948,0.06891750018500171
development-147,0.07168151261909655,0.844381838806862,0.08393664857404129
development-148,0.7156055381832208,0.1487046340233536,0.13568982779342575
development-149,0.0820827847944949,0.7712069640804522,0.14671025112505312
development-150,0.14702959663163495,0.7902383778819055,0.06273202548645947
development-151,0.9692219322490955,0.023041305715943372,0.007736762034961052
development-152,0.07694924459169752,0.7251823766975213,0.19786837871078097
development-153,0.9228895112111623,0.04177409976608674,0.03533638902275083
development-154,0.019975707095438427,0.9677460618743786,0.012278231030182878
development-155,0.2044021549897145,0.23622687923029204,0.5593709657799935
development-156,0.79543785484749,0.08455770557334376,0.12000443957916643
development-157,0.0523564466461334,0.9409993803696697,0.006644172984197067
development-158,0.9800083179812956,0.00870567605578944,0.011286005962914876
development-159,0.8976134840762108,0.0813130705816942,0.02107344534209481
development-160,0.8651040261403439,0.1063819269659249,0.028514046893731042
development-161,0.6298197410891042,0.35726790276464304,0.01291235614625267
development-162,0.05254037303273447,0.8954504195470232,0.05200920742024235
development-163,0.8344615424329821,0.1555155125812913,0.0100229449857268
development-164,0.6042472907741534,0.11589663956923531,0.2798560696566114
development-165,0.18016537678020275,0.7595451695629903,0.06028945365680693
development-166,0.22749818479820208,0.519883890918468,0.2526179242833299
development-167,0.9710709128236833,0.017561358894070254,0.011367728282246296
development-168,0.29250938043491886,0.6071780325685183,0.10031258699656294
development-169,0.08670376726202504,0.7651275317591633,0.1481687009788117
development-170,0.7828800987958316,0.11137479214963952,0.10574510905452876
development-171,0.5103950950159027,0.2723627082196608,0.21724219676443637
development-172,0.8966061475853737,0.08304358186093294,0.02035027055369331
development-173,0.8555347138338164,0.06077716276991499,0.08368812339626895
development-174,0.9760673689950494,0.01444602404091081,0.00948660696403991
development-175,0.9262235217178935,0.04221000955145666,0.03156646873064982
development-176,0.49884350085602697,0.46414869045627916,0.03700780868769382
development-177,0.18491926812040418,0.7782385987205949,0.0368421331590008
development-178,0.08646510245802891,0.8768845143369304,0.036650383205040646
development-179,0.15863931036955434,0.024190535874520008,0.8171701537559256
development-180,0.7036872038562543,0.14025863685542356,0.15605415928832223
development-181,0.28681418009273113,0.16347436142850053,0.5497114584787686
development-182,0.9385906750603096,0.04151328165496148,0.019896043284728805
development-183,0.28414259147526616,0.6096609201496084,0.10619648837512544
development-184,0.46640154092242025,0.49713555693052947,0.03646290214705034
development-185,0.881806012225251,0.012120603772361538,0.10607338400238733
development-186,0.9396748769617295,0.020661657127656115,0.039663465910614405
development-187,0.5193748233497566,0.3751406563954539,0.1054845202547894
development-188,0.024977312216998147,0.9257351420828505,0.049287545700151404
development-189,0.6402568296722917,0.16975828222478095,0.18998488810292755
development-190,0.9084661481402144,0.08138942151781814,0.010144430341967327
development-191,0.6284764387569917,0.2037813042100964,0.16774225703291185
development-192,0.44558035921149297,0.5364265076839954,0.017993133104511796
development-193,0.13074439013824524,0.8488625039458684,0.020393105915886243
development-194,0.8517635862593509,0.09976354940059533,0.048472864340053615
development-195,0.09771368980987825,0.8503134343597872,0.05197287583033452
development-196,0.9543781848553501,0.04108192583124273,0.00453988931340723
development-197,0.9387918478097887,0.05208057800873828,0.009127574181472848
development-198,0.3353511949501398,0.645790914876948,0.01885789017291207
development-199,0.5933612578693827,0.21729174142809712,0.18934700070252028
development-200,0.08712507573246013,0.523691903573747,0.3891830206937928
development-201,0.31186614053014894,0.09030712224422692,0.5978267372256243
development-202,0.08413337220415969,0.9118112687251693,0.004055359070671065
development-203,0.9825703910714355,0.009193151017595253,0.008236457910968912
development-204,0.0785945747411205,0.9112595483677436,0.010145876891136007
development-205,0.02668832328853302,0.8991817355354307,0.0741299411760363
development-206,0.8555858672299888,0.022655459078900854,0.12175867369111028
development-207,0.03339042499840357,0.9160142916282983,0.05059528337329854
development-208,0.6279779590535569,0.2849552087027566,0.08706683224368646
development-209,0.25650375143696497,0.7189279129007913,0.024568335662243864
development-210,0.14124889353321207,0.7601424925309687,0.09860861393581918
development-211,0.03399391034270701,0.9383503481512384,0.02765574150605456
development-212,0.5403100898612159,0.41797859763872425,0.04171131250005987
development-213,0.3167912622687164,0.6782815660470678,0.004927171684215996
development-214,0.814682116808494,0.04720979959963533,0.13810808359187046
development-215,0.014309546786124238,0.9572997888919241,0.028390664321951694
development-216,0.12165300418969627,0.8549540511884285,0.023392944621875213
development-217,0.8134047848497333,0.04787978728199031,0.13871542786827637
development-218,0.05682931643142981,0.7597573128805495,0.18341337068802074
development-219,0.1555856233455362,0.8290422570524418,0.015372119602022033
development-220,0.05832886028819701,0.9153235122571367,0.026347627454666202
development-221,0.37150353652839124,0.6058836049910984,0.0226128584805104
development-222,0.9508380400028646,0.042946650272053695,0.006215309725081849
development-223,0.7801534118055543,0.18230472688561639,0.03754186130882936
development-224,0.1840567915560171,0.6896167305590641,0.12632647788491874
development-225,0.959802775824073,0.016674429427225617,0.02352279474870148
development-226,0.9758830389690692,0.008110586316969485,0.01600637471396123
development-227,0.0789126497721136,0.4082928055823111,0.5127945446455753
development-228,0.38336506437560086,0.3104906295207817,0.30614430610361765
development-229,0.04920158093666615,0.9421008208582334,0.008697598205099974
development-230,0.14331644946308214,0.7718374890668732,0.08484606147004498
development-231,0.23864864436983127,0.5228553908190745,0.2384959648110939
development-232,0.6702941028944753,0.2609983396307703,0.0687075574747545
development-233,0.8645733589050986,0.03021832546575544,0.10520831562914586
development-234,0.1381194201234627,0.29732034240648303,0.5645602374700543
development-235,0.6279412568676238,0.2788654284699497,0.0931933146624264
development-236,0.11924007948744343,0.7704801900437679,0.11027973046878886
development-237,0.09214436233940188,0.8636203401800139,0.044235297480584405
development-238,0.21614875706979567,0.7195450311153488,0.06430621181485542
development-239,0.9327849538298683,0.06185025210821882,0.005364794061912649
development-240,0.06781970798406563,0.12724763190641902,0.8049326601095153
development-241,0.032866539795247236,0.9361225032875321,0.03101095691722116
development-242,0.6496127809860319,0.30381069645859077,0.046576522555377455
development-243,0.12602182756014954,0.48956536025054365,0.38441281218930673
development-244,0.95287564760235,0.024281187953225022,0.022843164444424812
development-245,0.06829169436456181,0.7513462017786678,0.1803621038567706
development-246,0.04175622925894413,0.9421534880384931,0.016090282702563113
development-247,0.3062387738333494,0.2838178068216865,0.409943419344964
development-248,0.13719708635410355,0.7206249813905469,0.14217793225534991
development-249,0.8112453010320921,0.14570412541379338,0.043050573554114506
development-250,0.24431653401072365,0.6950925249878578,0.06059094100141842
development-251,0.11695260862878457,0.7633958726744358,0.11965151869678002
development-252,0.7199289173272596,0.25482072871520817,0.0252503539575322
development-253,0.8908968639614437,0.0481507962250372,0.06095233981351908
development-254,0.7251353928888153,0.21544551953615063,0.05941908757503384
development-255,0.025084931799827355,0.11445185502529939,0.8604632131748732
development-256,0.861927613500873,0.12697410702129044,0.01109827947783658
development-257,0.20008924335368236,0.07773460939395156,0.7221761472523661
development-258,0.4906589128258481,0.4714767083574268,0.037864378816724976
development-259,0.8332539119368894,0.07491621417276974,0.09182987389034106
development-260,0.09511303611540517,0.8839956861821273,0.020891277702467514
development-261,0.8108777947325788,0.18302089538266134,0.006101309884759908
development-262,0.11875349077776379,0.8013032539611247,0.07994325526111166
development-263,0.06523219900889315,0.9191281843881312,0.01563961660297566
development-264,0.6477892127983201,0.24742675006885886,0.10478403713282118
development-265,0.8111685174847941,0.16818143201413044,0.020650050501075348
development-266,0.9898039630654875,0.005547170197737198,0.0046488667367753644
development-267,0.2906564672226497,0.678404221972952,0.030939310804398223
development-268,0.46825666147942896,0.2717794770205151,0.25996386150005596
development-269,0.3762016119862553,0.4147959226088732,0.20900246540487144
development-270,0.010278815319949076,0.9770897895731531,0.012631395106897658
development-271,0.9122385569859262,0.07281799294708376,0.014943450066990414
development-272,0.12979817937999566,0.8601832783027792,0.010018542317225107
development-273,0.06943825583213929,0.4178290882637407,0.5127326559041202
development-274,0.9350442898744938,0.032700944760590045,0.03225476536491627
development-275,0.044767948992333356,0.9165473820209263,0.03868466898674048
development-276,0.07713489109525247,0.9003324296570986,0.02253267924764866
development-277,0.7000436843390387,0.25884503908601997,0.041111276574941194
development-278,0.4551000356307033,0.3779567205639511,0.16694324380534575
development-279,0.15414541483666308,0.8212033250080947,0.024651260155242292
development-280,0.16201376854623745,0.09676883993005125,0.741217391523711
development-281,0.06928828379833776,0.8964575014826814,0.03425421471898029
development-282,0.15726993207109954,0.5134009819963555,0.3293290859325447
development-283,0.02920009248867016,0.9477701717703065,0.023029735741023453
development-284,0.02489638626111771,0.9345142858675561,0.04058932787132596
development-285,0.8770395087286267,0.09320163396266049,0.029758857308712673
development-286,0.6683236995909341,0.29148354399657495,0.04019275641249073
development-287,0.9290004496019226,0.03239944294389561,0.03860010745418171
development-288,0.015221472462887208,0.978858780365617,0.005919747171495688
development-289,0.9246081845418996,0.040154554571305345,0.03523726088679481
development-290,0.20159235932130276,0.5423844215620269,0.2560232191166706
development-291,0.8886667770245873,0.08907509999001904,0.02225812298539356
development-292,0.7341397532540171,0.19296881848515637,0.0728914282608267
development-293,0.022179838952343572,0.8308912864519558,0.14692887459570098
development-294,0.9782030632648636,0.005856756947995895,0.0159401797871404
development-295,0.21310103593408597,0.6088900717147125,0.17800889235120199
development-296,0.07368650892605937,0.8939791568425276,0.03233433423141313
development-297,0.9619957713307083,0.026512962029434872,0.011491266639856688
development-298,0.4852462616692003,0.4943810407593616,0.020372697571438003
development-299,0.9375706843359519,0.04734131924368778,0.0150879964203602
development-300,0.8070167036380391,0.11713885504539061,0.07584444131657028
development-301,0.034871529486201036,0.9241679382823085,0.04096053223149054
development-302,0.7464654993382416,0.23838380522879674,0.015150695432961683
development-303,0.04270537331836956,0.8739242236141301,0.08337040306750035
development-304,0.9407426143176717,0.0555367373914468,0.003720648290881265
development-305,0.09478160248256012,0.8050221868834985,0.10019621063394125
development-306,0.2621698064880955,0.6684639223293821,0.06936627118252234
development-307,0.9453456353311547,0.026527556412630875,0.02812680825621424
development-308,0.1271153749465664,0.8123040288366604,0.06058059621677284
development-309,0.0908978654456085,0.8950974491809742,0.01400468537341714
development-310,0.6050953909479412,0.34096046822947157,0.053944140822587056
development-311,0.33105256536112454,0.07669715479943505,0.5922502798394403
development-312,0.925515468485371,0.06823642359898259,0.00624810791564652
development-313,0.15493900416002576,0.7782805931990268,0.06678040264094764
development-314,0.8781090760304578,0.11444483975198799,0.007446084217554018
development-315,0.7246866283125952,0.24467055829857906,0.030642813388825876
development-316,0.6918052050985409,0.27394449290999073,0.03425030199146841
development-317,0.4084277292253349,0.5721711923141651,0.01940107846049997
development-318,0.9050169846332728,0.08469407934542499,0.010288936021302514
development-319,0.9427745883928366,0.017151786646397636,0.04007362496076581
development-320,0.8519132098707284,0.10339975569343887,0.044687034435832995
development-321,0.9514354202275249,0.031779675698146895,0.01678490407432836
development-322,0.07487190657124372,0.908445026935348,0.016683066493408012
development-323,0.9524044824700568,0.018292616933272724,0.029302900596670237
development-324,0.28390701727822704,0.6303171435487498,0.08577583917302334
development-325,0.16782813363110152,0.37108420959700983,0.46108765677188873
development-326,0.6259952842614296,0.36416215606754554,0.00984255967102501
development-327,0.9795078170558261,0.018851301568348817,0.00164088137582508
development-328,0.4354307132957945,0.16941557694451545,0.39515370975968983
development-329,0.39383111264954457,0.3404339238532739,0.26573496349718156
development-330,0.8200923352487152,0.15864497691018228,0.02126268784110258
development-331,0.735867202572627,0.23531107816653668,0.02882171926083605
development-332,0.03215902155217895,0.9257822012073397,0.0420587772404814
development-333,0.8804534607189589,0.0868535364846718,0.0326930027963693
development-334,0.9464239116685638,0.036504913867333795,0.017071174464102654
development-335,0.5869481682718966,0.2943691838893044,0.11868264783879902
development-336,0.11564853126389642,0.6425505576779883,0.24180091105811527
development-337,0.4198392722350843,0.33412052004983195,0.24604020771508361
development-338,0.9211375697790771,0.045949029162438274,0.03291340105848452
development-339,0.9389060402197567,0.03928405641678929,0.02180990336345382
development-340,0.16831052966395674,0.774600087544034,0.057089382792009265
development-341,0.41984549155150763,0.5122486658854513,0.06790584256304105
development-342,0.49124221612962815,0.4473912348751895,0.06136654899518249
development-343,0.8446431761925826,0.03876070868136664,0.11659611512605099
development-344,0.031835541871612895,0.9489178552972333,0.01924660283115396
development-345,0.049564259697016895,0.9001256549172535,0.050310085385729786
development-346,0.4814381852700982,0.3163457918141441,0.2022160229157576
development-347,0.8536605790619849,0.05321036268757219,0.09312905825044303
development-348,0.2028892592787947,0.5796141557807026,0.21749658494050267
development-349,0.48383412949878174,0.15824887396532986,0.3579169965358883
development-350,0.21524902016755768,0.20056945643206148,0.5841815234003809
development-351,0.3053318637615432,0.2093061375009804,0.48536199873747615
development-352,0.8543189327991829,0.140052564327838,0.005628502872978933
development-353,0.30277128398491704,0.43753422923666374,0.25969448677841933
development-354,0.11854686447772377,0.7778678482454003,0.10358528727687605
development-355,0.5338775508507383,0.30403679371851555,0.16208565543074596
development-356,0.43270939056455004,0.44136332972380554,0.12592727971164427
development-357,0.7117126008276236,0.13807964208956933,0.1502077570828071
development-358,0.381959341952664,0.25466068283362836,0.3633799752137074
development-359,0.029344121693702034,0.9304000584796893,0.04025581982660852
development-360,0.9577762770966324,0.015271348564142022,0.0269523743392258
development-361,0.522215462487172,0.3970238936248845,0.08076064388794331
development-362,0.2046591108866239,0.6605737051503945,0.1347671839629814
development-363,0.008010418105872236,0.9808648011097247,0.011124780784403333
development-364,0.954652493424468,0.012424135130360697,0.03292337144517117
development-365,0.9089529980927848,0.05890140740551924,0.03214559450169584
development-366,0.45372985758134765,0.4768939537529747,0.06937618866567768
development-367,0.3536606680108782,0.5984136414791553,0.04792569050996636
development-368,0.9602583884301114,0.009111375087740027,0.03063023648214863
development-369,0.2999585893239221,0.6586229138464125,0.04141849682966581
development-370,0.36514726815250287,0.44731956244893273,0.18753316939856443
development-371,0.4191333837336117,0.4699258351246905,0.11094078114169756
development-372,0.4098607971030061,0.5470259164704601,0.04311328642653395
development-373,0.7549032528685075,0.15515771565664202,0.08993903147485058
development-374,0.028379478493352626,0.9313762035815746,0.04024431792507267
development-375,0.01493860859693937,0.28881621422133663,0.6962451771817239
development-376,0.024088380969215572,0.9616338441683951,0.014277774862389342
development-377,0.07191023034771753,0.1429155069967333,0.7851742626555495
development-378,0.08292420113873136,0.8538264980962248,0.06324930076504412
development-379,0.10947434489082955,0.886712329012987,0.00381332609618353
development-380,0.8123567566330849,0.0606696660017029,0.12697357736521228
development-381,0.4211479573234207,0.23503346337335004,0.34381857930322923
development-382,0.09647737846444307,0.8841341278118093,0.01938849372374749
development-383,0.940527144662093,0.020046830251881677,0.03942602508602536
development-384,0.31318113968530853,0.6449414162209561,0.04187744409373513
development-385,0.08664714575035311,0.8576686230378955,0.05568423121175124
development-386,0.24407462928529672,0.6480575804348125,0.10786779027989049
development-387,0.9298889715167732,0.01671905632546254,0.053391972157764415
development-388,0.12197588198307466,0.8709102740605962,0.0071138439563290575
development-389,0.9683720597737436,0.015394589788196059,0.01623335043806033
development-390,0.6152409276409748,0.3675469399897007,0.017212132369324305
development-391,0.8885061126384989,0.10328232498516457,0.00821156237633629
development-392,0.7849116279550092,0.2019352024347134,0.013153169610277236
development-393,0.17190227718629894,0.7808676857376615,0.04723003707603958
development-394,0.056651038176133726,0.925189182088581,0.01815977973528528
development-395,0.4678129694746545,0.21975360584531722,0.31243342468002805
development-396,0.022207202407645597,0.9649930041597448,0.012799793432609582
development-397,0.4493572126108532,0.4419977372087847,0.10864505018036216
development-398,0.18702328666814444,0.459985456563329,0.3529912567685264
development-399,0.8861679710535816,0.06020348305986175,0.05362854588655688
development-400,0.245990461745011,0.29276948511398565,0.46124005314100336
development-401,0.43852858837189357,0.5416227584550188,0.019848653173087427
development-402,0.08687325682976145,0.7638564907097678,0.149270252460471
development-403,0.33404932058618314,0.5457593708113794,0.12019130860243787
development-404,0.8515206002331004,0.021717624439108532,0.12676177532779115
development-405,0.002625438506824671,0.3570936052454546,0.6402809562477205
development-406,0.34422829336891897,0.07091384336640834,0.5848578632646726
development-407,0.32067775441985,0.5906704475660428,0.08865179801410739
development-408,0.9077609923647255,0.06734707320605121,0.02489193442922333
development-409,0.8907665442203965,0.05923885672506295,0.049994599054540775
development-410,0.8825794464828758,0.11472450253664163,0.002696050980482557
development-411,0.8912026626494639,0.034113262820636786,0.07468407452989952
development-412,0.9958982873494113,0.002263827909272307,0.0018378847413162798
development-413,0.3850488733809388,0.2814245916197101,0.3335265349993509
development-414,0.9398845710560099,0.046264147406881395,0.013851281537108729
development-415,0.07519599809101468,0.8876373033323112,0.03716669857667367
development-416,0.18685389570802793,0.7443148140595638,0.06883129023240846
development-417,0.9473132500704514,0.028619690889764203,0.024067059039784303
development-418,0.49276995989706046,0.42745817868009517,0.07977186142284456
development-419,0.6983089154287317,0.28137938394015155,0.020311700631116883
development-420,0.9493066026915122,0.04006877948281839,0.010624617825669515
development-421,0.8960977622127427,0.05886305572235791,0.04503918206489941
development-422,0.8772734875638105,0.04941885966599203,0.0733076527701974
development-423,0.9403809702271504,0.04816679278005655,0.011452236992792858
development-424,0.4210741293269228,0.43646032039402954,0.14246555027904778
development-425,0.9482891741408519,0.02287491470392507,0.02883591115522293
development-426,0.029028563639966625,0.9312214116049384,0.03975002475509522
development-427,0.3417811448099215,0.30650928148995576,0.3517095737001225
development-428,0.9078776009220417,0.0418484492079744,0.050273949869983896
development-429,0.6759218172288161,0.27165329975748875,0.052424883013695356
development-430,0.4680698457652308,0.500386538051285,0.031543616183483995
development-431,0.022541694701588292,0.8676155206653984,0.10984278463301334
development-432,0.10997455819290503,0.7943741861364534,0.09565125567064163
development-433,0.7879635571446773,0.20148767284821095,0.010548770007111848
development-434,0.7750715872049788,0.13010902637564345,0.09481938641937758
development-435,0.018406645407321526,0.957863661460695,0.02372969313198345
development-436,0.11185229960540684,0.6479113438645793,0.24023635653001368
development-437,0.9572976469226594,0.02734444388955962,0.015357909187780962
development-438,0.6516041957867208,0.2669896853708329,0.08140611884244632
development-439,0.7723767995452807,0.17203701193707263,0.05558618851764649
development-440,0.029225836770816773,0.9549249901945125,0.01584917303467077
development-441,0.6312668360680942,0.30675382058652984,0.061979343345375935
development-442,0.044264976669478234,0.7939298779917152,0.16180514533880644
development-443,0.10589084276494833,0.7882005897709915,0.10590856746406015
development-444,0.45323030218765276,0.3971917076531419,0.1495779901592052
development-445,0.09868535130169756,0.8570264921631529,0.04428815653514967
development-446,0.3373032605462795,0.5751869463288781,0.08750979312484225
development-447,0.9845059510462,0.006961962952685002,0.008532086001114892
development-448,0.01556035464455865,0.7257703827695138,0.25866926258592754
development-449,0.24057867714337186,0.734751789361251,0.024669533495377014
development-450,0.6027586592765203,0.38013973688937,0.017101603834109618
development-451,0.0406375588340874,0.9503967055532657,0.008965735612646651
development-452,0.7236381342899253,0.22830596760386832,0.04805589810620646
development-453,0.8324749299715958,0.011828557863406112,0.15569651216499802
development-454,0.3391327647835534,0.6197263559723905,0.0411408792440558
development-455,0.3560993081006754,0.3372810185910748,0.3066196733082498
development-456,0.10085740481629338,0.36840866944661954,0.530733925737087
development-457,0.3494329083420655,0.6193131522710389,0.03125393938689575
development-458,0.06979327589734469,0.7049851064599172,0.2252216176427378
development-459,0.16861810870264926,0.7886901948044842,0.04269169649286668
development-460,0.3919277195003208,0.41262537241469543,0.19544690808498355
development-461,0.03691187852309983,0.939380508769834,0.023707612707066
development-462,0.9428817449503077,0.03796747557894252,0.019150779470749633
development-463,0.1876671101798591,0.6584228145446445,0.1539100752754963
development-464,0.3244665260409097,0.5095553372563891,0.16597813670270115
development-465,0.6404284516554325,0.2810047706678515,0.07856677767671583
development-466,0.6822493041070838,0.21144780483751968,0.10630289105539656
development-467,0.8538458525014458,0.02806446855847856,0.11808967894007548
development-468,0.3094185367538327,0.3300730079766166,0.3605084552695505
development-469,0.8692579058401902,0.09478069589639564,0.03596139826341431
development-470,0.044157697067900716,0.8707480027228849,0.08509430020921466
development-471,0.7651945215358786,0.09855268479826937,0.13625279366585205
development-472,0.9494587364642385,0.009147250401858901,0.04139401313390269
development-473,0.06624889079859943,0.8165199438138542,0.11723116538754634
development-474,0.17300040764560737,0.5523568814006956,0.27464271095369736
development-475,0.04619111168263038,0.9003287843200646,0.05348010399730501
development-476,0.12656337708200943,0.7351558092285656,0.13828081368942516
development-477,0.0946372528667947,0.8735667384216171,0.031796008711588365
development-478,0.3324821968907321,0.538056193043617,0.1294616100656511
development-479,0.12867316097478262,0.3213625549790475,0.5499642840461699
development-480,0.9679481354337576,0.02843893965607697,0.003612924910165405
development-481,0.041448157603671626,0.923590482541981,0.03496135985434728
development-482,0.9577238831054912,0.022868688710876384,0.019407428183632166
development-483,0.8288241336703852,0.05898825510444325,0.11218761122517182
development-484,0.8872603137096583,0.07673035016346832,0.03600933612687329
development-485,0.7629005253616308,0.19789556681333417,0.03920390782503505
development-486,0.827702984163865,0.0775898405737465,0.09470717526238866
development-487,0.6352565409921499,0.3036981595877917,0.06104529942005826
development-488,0.4041266996318485,0.3949348905174776,0.20093840985067368
development-489,0.7444267044698166,0.15150423482541847,0.10406906070476478
development-490,0.020172993630421517,0.9664538896954901,0.013373116674088302
development-491,0.8861629482110008,0.10355305648534903,0.010283995303650154
development-492,0.8673832470113908,0.12497311224435723,0.007643640744252201
development-493,0.3618042766264219,0.5579159406727673,0.0802797827008111
development-494,0.08191418767760568,0.7558842542413289,0.16220155808106537
development-495,0.006122145974978298,0.7971301572052193,0.19674769681980228
development-496,0.2917917876216141,0.6441271770878677,0.06408103529051822
development-497,0.05232092389824818,0.8602312694971603,0.08744780660459167
development-498,0.269895087759958,0.7013847590892459,0.028720153150796242
development-499,0.047295256153360034,0.8980097301376406,0.05469501370899951
development-500,0.8527702261392907,0.12980575893505694,0.017424014925652532
development-501,0.11902290193931275,0.14304588599632034,0.7379312120643667
development-502,0.9205617306088144,0.06424783999145876,0.015190429399726941
development-503,0.88952358025717,0.08823108559559685,0.022245334147232936
development-504,0.13078977704310443,0.8630629303047606,0.006147292652135019
development-505,0.7897302463711295,0.09303023891084208,0.11723951471802825
development-506,0.8069955973168006,0.18039759840138903,0.012606804281810508
development-507,0.22519394308367074,0.7552444613588796,0.019561595557449876
development-508,0.6577773120605958,0.24729351069106725,0.09492917724833701
development-509,0.014278515505337467,0.9233929627598532,0.06232852173480931
development-510,0.43880651782767677,0.395561214294381,0.16563226787794183
development-511,0.9347724195599195,0.059726707333575324,0.005500873106504947
development-512,0.9247561559279429,0.03964875822898254,0.035595085843074525
development-513,0.9542305893409049,0.015378321930411146,0.030391088728683936
development-514,0.22908728774592768,0.13314092466348837,0.6377717875905841
development-515,0.8250761179447249,0.15825129975327337,0.016672582302001672
development-516,0.04601853943842891,0.9488101693279791,0.005171291233591893
development-517,0.01914695023812009,0.8919567143293583,0.08889633543252161
development-518,0.1111755321248785,0.5052275945037252,0.3835968733713963
development-519,0.3689449074125643,0.5716599091907553,0.05939518339668044
development-520,0.8732906552185938,0.11142342188172763,0.015285922899678311
development-521,0.6480091208374739,0.29687138192281126,0.055119497239715064
development-522,0.8220087078939515,0.1351745760955564,0.042816716010492195
development-523,0.16240189671912342,0.2988780776753948,0.5387200256054823
development-524,0.403535471089929,0.5057385750641072,0.09072595384596381
development-525,0.2916532255732703,0.6083580244397553,0.09998874998697399
development-526,0.9446246376206094,0.02897412996258769,0.026401232416803054
development-527,0.018476119865969334,0.9704217405684863,0.011102139565544704
development-528,0.21176550792452417,0.6854227540432855,0.1028117380321904
development-529,0.1776172197868761,0.08202785377167704,0.7403549264414467
development-530,0.33573942217183306,0.08794240487869395,0.5763181729494729
development-531,0.026991604410073967,0.9182056611156839,0.054802734474241936
development-532,0.05491924924098058,0.08409121466353067,0.8609895360954887
development-533,0.12800119666476012,0.8073045181304642,0.0646942852047756
development-534,0.5276713123891542,0.45165037941397174,0.02067830819687421
