ID,A,B,NEITHER
development-1,0.8949469255392611,0.060389675499664196,0.044663398961074734
development-2,0.9912852129162248,0.0007000670761301035,0.00801472000764508
development-3,0.0008280827146762901,0.9980976531683219,0.0010742641170020247
development-4,0.05983905349072721,0.9350207447732282,0.005140201736044772
development-5,0.0038376325464311036,0.9947088042101152,0.001453563243453644
development-6,0.9977803216872255,0.0015350521327805768,0.0006846261799940827
development-7,0.122913212920608,0.5902537653719271,0.28683302170746494
development-8,0.03415226992930252,0.9350060698965971,0.030841660174100363
development-9,0.5350274451061745,0.39037089912685796,0.07460165576696745
development-10,0.27419806292044724,0.7090791872121874,0.016722749867365293
development-11,0.0022848086988766347,0.9151761253572824,0.08253906594384103
development-12,0.9289721448290785,0.06078925914341269,0.010238596027508885
development-13,0.7860512897622681,0.21391258770802124,3.6122529710610584e-05
development-14,0.9930813544392497,0.0016624385133878691,0.005256207047362522
development-15,0.005991627956701263,0.9921520864349769,0.0018562856083217565
development-16,0.7431771905735585,0.23859273176505036,0.018230077661391397
development-17,0.3862048703613032,0.48333164884958796,0.13046348078910897
development-18,0.9816781015103551,0.009032050692973689,0.009289847796671302
development-19,0.011591090520744132,0.9568944744795337,0.031514434999722125
development-20,0.966440115373965,0.02750950119643027,0.006050383429604755
development-21,0.006267503387113797,0.9821618599343751,0.011570636678511055
development-22,0.9998917320693957,6.822908696565237e-05,4.0038843638657284e-05
development-23,0.9328902320640647,0.06647779498757467,0.0006319729483604149
development-24,0.010517265051712094,0.987955285870454,0.001527449077833901
development-25,0.9994658169529801,5.7369359205748275e-05,0.00047681368781417777
development-26,0.0523634149095781,0.9473833495264936,0.00025323556392833164
development-27,0.20875900834962077,0.7532849940537628,0.03795599759661637
development-28,0.991925617778648,0.007745689982283457,0.0003286922390685636
development-29,0.241723221096627,0.6310366354848468,0.12724014341852624
development-30,0.9982412469339789,0.0013606783966683771,0.000398074669352782
development-31,0.9850940100448877,0.014496243836773082,0.00040974611833917305
development-32,0.5149979458867532,0.05334112544669442,0.43166092866655237
development-33,0.0002318667246368599,0.9997531546904451,1.4978584917973743e-05
development-34,0.6898075018466625,0.00046519236177023173,0.3097273057915673
development-35,0.9990343928272364,0.0006091252397970036,0.0003564819329665811
development-36,0.0012573500555994167,0.9984075005875424,0.0003351493568583564
development-37,0.00014598690582969957,0.9996786810266107,0.0001753320675596754
development-38,0.34523805699469934,0.3808459861972905,0.2739159568080102
development-39,0.9979509790188983,0.0019715788440742834,7.744213702747572e-05
development-40,0.9893653191341217,0.010606121509070905,2.8559356807475905e-05
development-41,0.9975749500659303,0.0019795531219879,0.0004454968120817109
development-42,0.9808550638026465,0.018847229200643915,0.0002977069967096071
development-43,7.624963382569418e-06,0.9999793358859523,1.303915066514668e-05
development-44,0.0005391144305404643,0.9993305746037178,0.00013031096574171955
development-45,0.3955009345849766,0.46435486002026194,0.14014420539476152
development-46,0.3757058386123095,0.3170915885258689,0.3072025728618216
development-47,0.5719564698099848,0.19355915158442788,0.23448437860558735
development-48,0.0004535269664940646,0.9745025478328541,0.025043925200651726
development-49,0.9244374634108596,0.06863019172580596,0.006932344863334361
development-50,0.060910467800509786,0.2647073037809463,0.6743822284185439
development-51,0.0003214514142528448,0.984585222139553,0.01509332644619423
development-52,0.2561632128642336,0.6687612353327617,0.07507555180300471
development-53,5.3126139781040996e-05,0.99993872435658,8.149503638768012e-06
development-54,0.9662749942120528,0.018448240413972153,0.015276765373975121
development-55,0.002805471026953838,0.9909529430310177,0.0062415859420283
development-56,0.009321083769994359,0.3320119881797907,0.6586669280502149
development-57,0.06696007855819933,0.8811191985309762,0.05192072291082452
development-58,0.4759552189964905,0.4489106866883133,0.07513409431519624
development-59,0.9996965504714467,0.00029723152145930864,6.218007094107947e-06
development-60,0.9932940793245809,0.0052876404957051025,0.0014182801797139118
development-61,4.640283429582942e-05,0.9993680866674186,0.0005855104982853997
development-62,0.9818681364599285,0.01798842893105598,0.00014343460901532353
development-63,0.01660668600796934,0.9662190727160165,0.01717424127601412
development-64,0.00046694965421034543,0.9979475877834845,0.0015854625623051948
development-65,0.33378207666308396,0.6431293478590117,0.023088575477904365
development-66,0.04818219761562373,0.09986460685409486,0.8519531955302815
development-67,0.9940425008348814,0.005929139515202848,2.8359649915742237e-05
development-68,0.9602764336764269,0.034030256651250285,0.005693309672322799
development-69,0.02583234069573205,0.924044916724823,0.05012274257944477
development-70,0.9990890511040122,0.00015070169892452467,0.0007602471970631381
development-71,0.00041796455506302316,0.9988931200636001,0.0006889153813368389
development-72,0.6493253877572661,0.3488543415406119,0.0018202707021220204
development-73,0.006402917818454244,0.8336206520909045,0.1599764300906413
development-74,0.9989710525782896,0.0004921982504996963,0.0005367491712107252
development-75,0.99494344751746,0.004742094317672169,0.0003144581648676985
development-76,0.9985601742431803,1.7023423291142768e-05,0.0014228023335285428
development-77,0.8205114098762,0.16879904736535062,0.010689542758449345
development-78,0.003843139930269655,0.6781585074828503,0.3179983525868801
development-79,0.8519709518476539,0.14779790483282362,0.0002311433195224043
development-80,2.9035443883330177e-05,0.9999582453954867,1.2719160629864568e-05
development-81,0.005459325871757379,0.0820982491455447,0.9124424249826979
development-82,0.6066286740148935,0.04528297550742027,0.34808835047768627
development-83,0.9673706922207874,0.031890553988488404,0.0007387537907240503
development-84,0.0018225114214825934,0.9905508048479271,0.007626683730590314
development-85,0.09771624376787369,0.015305187584366116,0.8869785686477601
development-86,0.9722269311500681,0.02753256350098456,0.0002405053489472844
development-87,0.4267858075993058,0.5664971397547126,0.0067170526459815775
development-88,0.9667369994969226,0.03282209970632611,0.0004409007967513874
development-89,0.03365704154297011,0.9407341743609607,0.02560878409606902
development-90,0.9998660618825711,0.00012662651990239256,7.311597526459399e-06
development-91,0.003568483434943323,0.9894494093265734,0.006982107238483099
development-92,0.5345541502802725,0.25350709617189826,0.21193875354782932
development-93,0.16445272667976388,0.732604620658545,0.10294265266169095
development-94,0.9996067652252093,7.238624224605024e-05,0.0003208485325448582
development-95,0.08238594579891126,0.9171919169382794,0.00042213726280946153
development-96,0.9989564421668046,0.0008413780375373545,0.00020217979565788347
development-97,0.011241103353582749,0.9848220528945683,0.003936843751849044
development-98,0.03731094973960418,0.2561858650087917,0.706503185251604
development-99,0.03145150370142741,0.9278570345961472,0.04069146170242527
development-100,0.6338209667823564,0.13980717162912984,0.22637186158851372
development-101,0.717310305811206,0.04724398087256131,0.23544571331623274
development-102,0.9886863352553588,0.00402728615333906,0.007286378591302183
development-103,0.002179640279947778,0.9978153383928893,5.021327162936059e-06
development-104,0.7784322646129058,0.20857906682817362,0.012988668558920523
development-105,0.9990717535829441,0.0009200443676999465,8.202049355954076e-06
development-106,0.9727655466408749,0.02683185005971216,0.0004026032994129434
development-107,0.966663462150489,0.023967411260280288,0.009369126589230585
development-108,2.487223081635252e-05,0.9998037126280201,0.00017141514116369929
development-109,0.9999438646016987,5.454514624529834e-05,1.5902520559981331e-06
development-110,0.0010332387708111622,0.9963996146047387,0.002567146624450099
development-111,0.9999512311239681,7.0484648114153366e-06,4.172041122041286e-05
development-112,0.9961133973127186,0.003622630121503852,0.0002639725657773704
development-113,0.002766823563715043,0.13566912319066524,0.8615640532456197
development-114,0.00017578521240197735,0.9939885743800834,0.005835640407514595
development-115,0.06695345981723196,0.08609505856239977,0.8469514816203684
development-116,0.00016040115092311625,0.9992178736005493,0.000621725248527572
development-117,0.9997198608849144,0.00026342832307539273,1.6710792010045178e-05
development-118,0.9992950112330768,0.0006834287162023382,2.1560050720863047e-05
development-119,0.0666813176485602,0.6783423845277233,0.25497629782371656
development-120,0.9770525673302629,0.022609063521870833,0.00033836914786624674
development-121,0.3179874372732613,0.6771863100121744,0.004826252714564269
development-122,0.0005216550837012249,0.720687977735307,0.2787903671809918
development-123,0.0016677438165790103,0.9941698118741101,0.004162444309310903
development-124,0.9897326846490837,0.009766358601498054,0.0005009567494182532
development-125,0.12356738121664414,0.8189785764900297,0.05745404229332617
development-126,0.1036671946172007,0.8239970393891394,0.07233576599365985
development-127,0.00026342243276909923,0.9876861103200427,0.012050467247188106
development-128,0.010008739904381156,0.9899855193226451,5.740772973735591e-06
development-129,0.9794904622493524,0.019835759363358303,0.0006737783872892263
development-130,0.9996862420701703,0.00031099857963731286,2.7593501924546135e-06
development-131,0.08553810176157745,0.9115540468148338,0.0029078514235887495
development-132,0.9978307194802152,0.0009928468012848305,0.001176433718499932
development-133,0.9923390871166848,0.007615814649579447,4.5098233735534434e-05
development-134,0.9647849776594206,0.033415730100947255,0.0017992922396319617
development-135,9.61632483213671e-06,0.9999852600460007,5.123629167101055e-06
development-136,0.9989747852419743,0.0009952274238327014,2.9987334193174073e-05
development-137,0.8253649890594487,0.029482843782712882,0.14515216715783844
development-138,0.12899152730638078,0.8697938779241792,0.001214594769439988
development-139,0.9945661904170306,0.004651786813305642,0.0007820227696635687
development-140,0.0006135693672816815,0.9991468011450821,0.00023962948763607786
development-141,0.9858549128938671,0.013993658881839757,0.00015142822429326173
development-142,0.0010411476478046065,0.9568053643404241,0.04215348801177123
development-143,0.9801561448926863,0.017389333260742098,0.0024545218465715692
development-144,0.07885907666407631,0.8992549883678019,0.02188593496812163
development-145,0.9973936381858817,0.0021350957131455513,0.00047126610097272695
development-146,0.26539957575485584,0.7178967624441575,0.016703661800986702
development-147,0.0031880008840616965,0.9799369366528156,0.01687506246312278
development-148,0.9563450347543515,0.0008990736040653606,0.042755891641583006
development-149,0.00224186896923366,0.98281353035495,0.014944600675816192
development-150,0.0010860988865376187,0.9984188475250344,0.0004950535884278193
development-151,0.9998707380672872,5.91442405578144e-05,7.011769215479345e-05
development-152,0.02763944938341886,0.9092191357830317,0.0631414148335494
development-153,0.9998885273794328,2.2854209720355906e-06,0.00010918719959530682
development-154,1.7316786766584775e-05,0.9999723777307775,1.0305482455798567e-05
development-155,0.13480770849193316,0.07048779221301779,0.794704499295049
development-156,0.9953505638033763,0.004406965577526705,0.00024247061909713394
development-157,0.000735858582948961,0.9992312105909164,3.2930826134692554e-05
development-158,0.9999918276175663,5.166820727935094e-06,3.005561705771177e-06
development-159,0.9820623087873589,0.01774269349962436,0.00019499771301670907
development-160,0.948785071517928,0.046718212691880735,0.004496715790191342
development-161,0.9945342289160993,0.005422499212095721,4.3271871804819524e-05
development-162,0.00086857633362914,0.9989739939030873,0.00015742976328362196
development-163,0.9167328632185259,0.08324389736836442,2.323941310973004e-05
development-164,0.8425461806947548,0.03081876621064358,0.12663505309460135
development-165,0.017306402097000597,0.948421981701893,0.034271616201106435
development-166,0.2134725371881834,0.38571883899663795,0.4008086238151786
development-167,0.9993883569290484,0.0004640972369142899,0.00014754583403734004
development-168,0.13722166749271822,0.8023298368286184,0.06044849567866331
development-169,0.0020309679557428007,0.9924530573726968,0.005515974671560452
development-170,0.9564493487824033,0.03930160673109547,0.004249044486501433
development-171,0.8663391121182682,0.08207792159706359,0.05158296628466813
development-172,0.995737857372296,0.0010296580916450758,0.0032324845360588703
development-173,0.9983948065358307,0.0005211820299429025,0.0010840114342265319
development-174,0.9996456652845457,0.00033233867905713436,2.1996036397071613e-05
development-175,0.9991246659157322,0.0007679408814688499,0.00010739320279906594
development-176,0.6171410554800543,0.3815669982052943,0.0012919463146514054
development-177,0.005213006436087548,0.9944202445106861,0.0003667490532264171
development-178,0.010153987405978265,0.980002469847441,0.009843542746580688
development-179,0.02137040376763837,7.094420459340343e-05,0.9785586520277681
development-180,0.9936991158934063,0.003290394310220001,0.0030104897963737216
development-181,0.07180721214256426,0.004082937915064212,0.9241098499423714
development-182,0.9987613842650606,0.0011441398613080001,9.447587363130234e-05
development-183,0.04656629391479182,0.9504088923470738,0.003024813738134402
development-184,0.132082114107707,0.863767118945681,0.004150766946612116
development-185,0.9873231795081429,2.735189713046248e-05,0.012649468594726678
development-186,0.99817588013291,0.00020782117512044867,0.001616298691969294
development-187,0.7110666292691985,0.25712950848968225,0.03180386224111923
development-188,2.2196814391161064e-05,0.9999413987730785,3.640441253033437e-05
development-189,0.9622914923453989,0.006454761272932371,0.031253746381668716
development-190,0.9969002994953972,0.003068953056144689,3.074744845814439e-05
development-191,0.6166628605676215,0.25477761039768615,0.1285595290346923
development-192,0.22490432877414956,0.7695893071629119,0.0055063640629386575
development-193,0.0022895399301660797,0.9976163121971635,9.414787267051969e-05
development-194,0.9954822005748653,0.0026062907565424314,0.0019115086685923704
development-195,0.012788825070265507,0.9848155183497143,0.0023956565800201312
development-196,0.9989492925641429,0.0010252792022510538,2.5428233606008447e-05
development-197,0.9979678332284277,0.0012186790867868458,0.0008134876847856188
development-198,0.52422599165562,0.4752826014612443,0.0004914068831357435
development-199,0.40576479137495913,0.5398079243462488,0.05442728427879211
development-200,0.010447319564543244,0.4755111794622167,0.51404150097324
development-201,0.18678586736683048,0.004096640505530833,0.8091174921276386
development-202,0.006584806291880617,0.9933894012022824,2.5792505837000345e-05
development-203,0.9998679911125942,0.00011148127583274534,2.0527611573097173e-05
development-204,0.019999744146613294,0.9798986891462664,0.0001015667071201806
development-205,0.00021704504199047275,0.7940111948002195,0.20577176015778995
development-206,0.9983524143853317,0.00013147139644236253,0.0015161142182257873
development-207,0.0005840354728919508,0.9969439472399015,0.0024720172872065853
development-208,0.38161933859849784,0.37075633363423466,0.24762432776726762
development-209,0.1038968385092317,0.8958896456941716,0.0002135157965968245
development-210,0.0006845400757905438,0.9984523248721516,0.0008631350520579544
development-211,0.00013852598151516086,0.999851550913598,9.92310488695335e-06
development-212,0.4243910249166287,0.5409233439275416,0.03468563115582968
development-213,0.4968703172819182,0.5030468691326597,8.281358542208656e-05
development-214,0.994658178444483,0.0002683776914790556,0.005073443864037995
development-215,9.286960229545663e-06,0.9999573644643399,3.334857543045666e-05
development-216,0.17396567598679522,0.8246085868241494,0.0014257371890555673
development-217,0.860074954250714,0.012073769019843847,0.12785127672944208
development-218,0.017169354082191363,0.9245414254317676,0.058289220486040884
development-219,0.23522719458516542,0.7646408221699972,0.00013198324483742633
development-220,0.007190723505843967,0.9922590965598905,0.0005501799342655736
development-221,0.41574071799049533,0.5824085675071045,0.0018507145024002096
development-222,0.9852678170327381,0.014624995638665053,0.00010718732859694024
development-223,0.9752793489931342,0.02295441506034004,0.0017662359465259127
development-224,0.00837868405419087,0.9896234999792155,0.0019978159665935066
development-225,0.9997122047251169,0.00013799233728272646,0.0001498029376004387
development-226,0.9999238901942801,2.40011239972036e-05,5.210868172258134e-05
development-227,0.0046385866395942344,0.430589271758307,0.5647721416020988
development-228,0.7340597030449107,0.03299515906713578,0.23294513788795346
development-229,3.896709290987846e-05,0.999954454806836,6.578100254088376e-06
development-230,0.022209806927722654,0.937390917383924,0.040399275688353393
development-231,0.14179174309586579,0.762722777957514,0.09548547894662036
development-232,0.8844708806476923,0.10449327580975681,0.01103584354255094
development-233,0.9978321519081013,1.2977482870951614e-05,0.002154870609027742
development-234,0.10104892758922603,0.504690692421112,0.394260379989662
development-235,0.9491334536007109,0.017227398461743773,0.033639147937545494
development-236,0.01508672120559288,0.9601691944556445,0.024744084338762767
development-237,0.0030561744854582912,0.9912949208269314,0.005648904687610286
development-238,0.03093920935387771,0.9681045726080977,0.0009562180380246118
development-239,0.998820987448143,0.001178262264915739,7.50286941374135e-07
development-240,0.002670891060596707,0.09120254337751794,0.9061265655618853
development-241,0.00015979355627680303,0.9997196231789874,0.00012058326473599557
development-242,0.9164495058426411,0.08061122734824075,0.002939266809118086
development-243,0.0580878966678611,0.7432589117330195,0.19865319159911932
development-244,0.9997524503094601,0.00011933462671471045,0.000128215063825106
development-245,0.007367274392671265,0.8810836814785785,0.11154904412875029
development-246,0.002384009536428552,0.9972837054269721,0.000332285036599316
development-247,0.58298983000211,0.14028248208709507,0.27672768791079494
development-248,0.06654551181854805,0.5785153597097055,0.35493912847174647
development-249,0.9930394081297982,0.004146952950063234,0.0028136389201386166
development-250,0.14306148247889888,0.856435542014792,0.0005029755063091125
development-251,0.0025707641252764248,0.9963059058092298,0.001123330065493869
development-252,0.7134900379361122,0.28596294747777307,0.0005470145861147751
development-253,0.9967930772079071,0.0018677961704891028,0.0013391266216038304
development-254,0.9585410698620523,0.038744649679345745,0.002714280458601933
development-255,0.00021299522038922974,0.007687595695762321,0.9920994090838484
development-256,0.9935733126610301,0.006417622360396398,9.064978573428153e-06
development-257,0.2422862432335625,0.023459567777332983,0.7342541889891046
development-258,0.10846744495799893,0.8906609681562689,0.0008715868857322801
development-259,0.9820624417030528,0.012490430171324483,0.005447128125622684
development-260,0.006369116128213889,0.9934517623689243,0.00017912150286162763
development-261,0.9839082019683539,0.015982822481383684,0.00010897555026237369
development-262,0.02237869966300933,0.9771007658704954,0.0005205344664952071
development-263,0.0005055313648859168,0.9994782365475268,1.6232087587361534e-05
development-264,0.9550875258824046,0.04457308980728532,0.00033938431031010907
development-265,0.9704778317962871,0.02869911014630048,0.0008230580574124447
development-266,0.9999196719357872,6.999291187205653e-05,1.0335152340709024e-05
development-267,0.003537430313371997,0.9959885734841426,0.0004739962024853761
development-268,0.7794764577112216,0.1342671524751538,0.0862563898136245
development-269,0.3008387400553483,0.3159593137238757,0.3832019462207761
development-270,1.0245462783676506e-05,0.9999879231740748,1.8313631415028449e-06
development-271,0.9986037697363461,0.0011994665218506054,0.00019676374180322545
development-272,0.15655574738281014,0.8434125440742178,3.170854297188035e-05
development-273,0.008444952345503503,0.8628940645852552,0.12866098306924126
development-274,0.9980762455062786,0.0014710155105653155,0.0004527389831561859
development-275,0.015418825850368755,0.9832279695684982,0.0013532045811331323
development-276,0.024290285012147184,0.975313021114614,0.0003966938732387556
development-277,0.8108444421162777,0.16590581068540955,0.02324974719831274
development-278,0.3929294685294966,0.5425881914069021,0.06448234006360129
development-279,0.0046101954165770065,0.9939458755052817,0.0014439290781414645
development-280,0.08617302678484137,0.08665252743704255,0.827174445778116
development-281,0.0028925552523975983,0.9968962901063207,0.00021115464128168104
development-282,0.05461944256517373,0.7525582637424784,0.19282229369234788
development-283,0.001018067456318506,0.9988112867159571,0.00017064582772432653
development-284,0.0010755930338708552,0.9986745590429678,0.00024984792316138694
development-285,0.9852159812654235,0.014058356793875577,0.0007256619407006732
development-286,0.9934391022200515,0.004094764216953686,0.002466133562994718
development-287,0.9970437587708108,0.0013216479446969628,0.001634593284492217
development-288,4.3513755157903726e-07,0.9999988233615968,7.415008516463656e-07
development-289,0.9423721658216162,0.057546548710461456,8.128546792231699e-05
development-290,0.009791566751513976,0.9525053604954735,0.03770307275301236
development-291,0.9575136806678165,0.041304819526935786,0.001181499805247744
development-292,0.9072480782487466,0.0879021180528233,0.004849803698429949
development-293,2.5235073745673872e-05,0.9988497705995629,0.001124994326691547
development-294,0.9999686363330362,2.2322230422373918e-05,9.04143654131751e-06
development-295,0.029485969002487622,0.8894843062465992,0.08102972475091304
development-296,0.001762622503442795,0.9958435403552082,0.002393837141349027
development-297,0.999417168014254,0.0005632032036676682,1.9628782078313907e-05
development-298,0.3423030408079694,0.6570420745382137,0.0006548846538168743
development-299,0.9889585833857255,0.010191750184049986,0.0008496664302245771
development-300,0.9863999470769567,0.00797620937689699,0.0056238435461464465
development-301,0.0006373740421493383,0.9989458003889957,0.0004168255688549584
development-302,0.8521081754996442,0.14779381039106854,9.801410928726843e-05
development-303,0.0026918557953808067,0.9880773510105211,0.009230793194097893
development-304,0.9373707583360544,0.061167603213787836,0.0014616384501575635
development-305,0.0004542446490032599,0.9989524622402892,0.000593293110707427
development-306,0.009873838006710675,0.989566231443037,0.0005599305502521657
development-307,0.9972115177555931,0.001780071563351868,0.0010084106810550986
development-308,0.0024853690573705843,0.9948221813037468,0.0026924496388827
development-309,0.017807105017576486,0.9820427374691058,0.0001501575133178127
development-310,0.9909292089483815,0.008871351508510655,0.0001994395431077934
development-311,0.5839100854489595,0.004050801278839766,0.4120391132722008
development-312,0.8363938153093284,0.1635863272388216,1.985745185004312e-05
development-313,0.08956682584309122,0.9075986962386361,0.0028344779182726257
development-314,0.990687437630325,0.009301003038470711,1.1559331204129229e-05
development-315,0.6361224125584088,0.36174520848315844,0.002132378958432527
development-316,0.9567885554749846,0.04257770290922298,0.0006337416157922486
development-317,0.9444274076257122,0.055526887891532116,4.570448275569492e-05
development-318,0.9915898602389883,0.007370724815122314,0.0010394149458894802
development-319,0.9995262408536227,9.479285029764432e-05,0.0003789662960795803
development-320,0.9341575810729282,0.06413316660775077,0.0017092523193208932
development-321,0.9992239440790996,0.0003635371258561683,0.0004125187950440585
development-322,0.0005449838958183293,0.9994500796640379,4.9364401439756595e-06
development-323,0.9998400773937415,3.331719755770907e-05,0.0001266054087008302
development-324,0.11862671819455026,0.8392201526963833,0.04215312910906661
development-325,0.1136037638594998,0.6830370840990091,0.20335915204149105
development-326,0.2860925989701201,0.7138495948698468,5.7806160033049694e-05
development-327,0.9999790874362174,2.046131246851375e-05,4.512513138643732e-07
development-328,0.9092358243147365,0.0007701652936391768,0.0899940103916245
development-329,0.8743228853441835,0.10841534560815232,0.01726176904766428
development-330,0.9965471688809825,0.003399214400290502,5.3616718727085384e-05
development-331,0.7348135793466062,0.2630542649663798,0.0021321556870138414
development-332,0.0032839652629885925,0.9886084694864243,0.008107565250587118
development-333,0.9630560191465122,0.03374293630037921,0.0032010445531084957
development-334,0.9979278489888583,0.0019705488164502086,0.00010160219469147942
development-335,0.5351025339736081,0.4355359295791449,0.029361536447247025
development-336,0.005007564746499629,0.8630816977423237,0.13191073751117674
development-337,0.20157655131146968,0.3471816133594656,0.4512418353290647
development-338,0.9992385691714167,0.0006953967336139533,6.603409496917459e-05
development-339,0.9999718987216544,2.1470167566633694e-05,6.631110779140319e-06
development-340,0.00919454013419089,0.9887153527221584,0.0020901071436507847
development-341,0.14983962782532706,0.8405111914850624,0.009649180689610763
development-342,0.510245772074306,0.48732225367477694,0.0024319742509170844
development-343,0.9957462340472937,0.002760407365539324,0.0014933585871669966
development-344,1.1523556604797622e-05,0.9999809147635405,7.561679854793376e-06
development-345,0.003110823976192636,0.9968565735422255,3.260248158192927e-05
development-346,0.3748423065420293,0.570952023545928,0.05420566991204278
development-347,0.9839420009695587,0.003991124834904826,0.01206687419553642
development-348,0.2889052843312535,0.45640127957897575,0.2546934360897708
development-349,0.7540458621335604,0.10047846833695297,0.14547566952948657
development-350,0.004774695863973785,0.0010706092299608647,0.9941546949060655
development-351,0.6150456970445999,0.0476140242370976,0.33734027871830247
development-352,0.9024859606472329,0.09738706383798279,0.0001269755147845802
development-353,0.06374359546664544,0.19210056674228748,0.7441558377910671
development-354,0.0038795398099066678,0.9910770935678016,0.005043366622291777
development-355,0.7309961732596523,0.22982831882946497,0.03917550791088283
development-356,0.7737620010515972,0.1802586870330368,0.045979311915366104
development-357,0.975706830410019,0.0055403479774733125,0.01875282161250744
development-358,0.2166512590486269,0.0761609890786795,0.7071877518726936
development-359,0.005464431271691792,0.9933680461222612,0.001167522606047081
development-360,0.9996168486145256,4.351599997263517e-05,0.0003396353855017347
development-361,0.6530792116791831,0.304146623210272,0.04277416511054478
development-362,0.01873062443144465,0.9644383980752704,0.0168309774932848
development-363,1.6193281234297127e-05,0.9999809763853346,2.8303334311678384e-06
development-364,0.9982452220521733,0.0006672779389386836,0.0010875000088882308
development-365,0.9982398492286829,0.000765408284580124,0.0009947424867367992
development-366,0.31953422573443463,0.6731749018751383,0.007290872390427082
development-367,0.7570430378919152,0.24056942823880484,0.002387533869279883
development-368,0.9999183089904018,4.087160781308192e-05,4.0819401785138095e-05
development-369,0.006958138303641338,0.9927940872225189,0.00024777447383967765
development-370,0.3494333099017926,0.6195038109880974,0.03106287911010988
development-371,0.8982648904329371,0.09602555455496117,0.0057095550121017335
development-372,0.16342393847334905,0.8259974665735635,0.010578594953087326
development-373,0.960221013886894,0.00562330714378168,0.03415567896932445
development-374,9.271076320865841e-05,0.9998061983984661,0.00010109083832521377
development-375,0.0001049143492460691,0.11092822676565112,0.8889668588851029
development-376,1.4444089068489752e-05,0.9999652227849631,2.0333125968287664e-05
development-377,0.0002235099031281479,0.0017713756495654574,0.9980051144473063
development-378,0.03706883054316132,0.9502290481513967,0.012702121305441924
development-379,0.0003395143536712648,0.9996602686921544,2.1695417434460315e-07
development-380,0.9865213577841327,0.006602002236406887,0.006876639979460367
development-381,0.5906532496205574,0.154661747216937,0.2546850031625056
development-382,0.004938673460581804,0.9947517653771117,0.0003095611623063383
development-383,0.9999269742755916,2.065966393145292e-05,5.236606047695864e-05
development-384,0.07573274380207771,0.922255781679249,0.0020114745186732125
development-385,3.0018096816119154e-05,0.999403325650484,0.0005666562527000506
development-386,0.3004123884511665,0.663192909704268,0.036394701844565426
development-387,0.9991164336745272,1.1744625430289128e-05,0.0008718217000425901
development-388,0.010610129322514579,0.9893707067210358,1.9163956449771443e-05
development-389,0.9997903536210674,8.392561653703577e-05,0.00012572076239575016
development-390,0.04086950566144288,0.9585042858842957,0.0006262084542612473
development-391,0.9991371786843563,0.0008617582800377477,1.0630356059244531e-06
development-392,0.45773570949813475,0.5418877174025907,0.00037657309927442646
development-393,0.006918501958181078,0.9921104879186424,0.0009710101231765048
development-394,0.0010979078045838433,0.9987912060113256,0.00011088618409040276
development-395,0.21074257242255917,0.3555013032567768,0.433756124320664
development-396,0.0015900401636230143,0.9982028362682309,0.00020712356814613393
development-397,0.862609006301686,0.11344419561502506,0.023946798083288902
development-398,0.00348989252314549,0.763754949896504,0.23275515758035034
development-399,0.9969151094656806,0.00017048367208642747,0.002914406862232915
development-400,0.4315485913100082,0.13715700546587326,0.4312944032241186
development-401,0.2604168967890972,0.737157783396591,0.0024253198143118757
development-402,0.013728712244142833,0.9429898032290164,0.043281484526840955
development-403,0.03416188587676448,0.9304578105148853,0.03538030360835014
development-404,0.9921284794423606,5.964532385341782e-05,0.0078118752337857774
development-405,3.886638195990495e-05,0.11280247411948803,0.8871586594985521
development-406,0.34905183014828733,0.03138706306169671,0.6195611067900159
development-407,0.16795907315531017,0.8253166846907838,0.006724242153906123
development-408,0.9985879949403526,0.0012813688428770053,0.0001306362167704219
development-409,0.9853698378275009,0.008243539258608115,0.006386622913891178
development-410,0.9831783198265028,0.01680521660057794,1.6463572919262312e-05
development-411,0.9957541756291093,0.00035361889118960203,0.003892205479700915
development-412,0.9999986713877389,9.204457661957616e-07,4.081664950865252e-07
development-413,0.2390878868349716,0.16049247413660298,0.6004196390284254
development-414,0.9991208842664138,0.0005243866440106574,0.0003547290895753889
development-415,0.0016008768490556157,0.9972007123691595,0.0011984107817848652
development-416,0.00021659810377474238,0.9992817788908233,0.0005016230054018993
development-417,0.9993929250668007,0.0002935246581372111,0.00031355027506203565
development-418,0.9165670553988089,0.06304773436569448,0.02038521023549653
development-419,0.7286413235738017,0.2708728005300539,0.00048587589614432886
development-420,0.9872243549227755,0.012520752489114039,0.00025489258811055857
development-421,0.9992675876408902,4.409742723566678e-05,0.0006883149318741372
development-422,0.9828913778124493,0.004522383978628675,0.012586238208922143
development-423,0.9975310949430282,0.002325679238520836,0.00014322581845090544
development-424,0.6111172519776663,0.37049147721784104,0.01839127080449266
development-425,0.9989835037646009,0.00016229573074159957,0.0008542005046574109
development-426,0.0027022140760955223,0.9972075809805314,9.020494337312933e-05
development-427,0.16198848448605693,0.3318698785545064,0.5061416369594367
development-428,0.9965343177357717,0.002110437923072296,0.0013552443411561062
development-429,0.9481397061864463,0.048773875991458146,0.003086417822095581
development-430,0.09969316266577619,0.8926891049933248,0.007617732340898955
development-431,1.655466863117778e-05,0.9985408886183221,0.0014425567130466616
development-432,0.0283352844304265,0.9695994029792171,0.0020653125903565134
development-433,0.9899813461158896,0.009943936114962486,7.471776914773859e-05
development-434,0.9960105911285373,0.00341102514103518,0.0005783837304274181
development-435,0.003328837703789649,0.9966222162116634,4.894608454706937e-05
development-436,0.008584484233188016,0.919888849604097,0.07152666616271496
development-437,0.9998422466610395,0.00014984501307753882,7.908325883143748e-06
development-438,0.5804495968974416,0.41276830490158,0.006782098200978292
development-439,0.6844363733385588,0.31378125265117107,0.0017823740102702076
development-440,0.000738692522423521,0.9992521793390292,9.128138547276744e-06
development-441,0.9872051734301164,0.011317123494117612,0.00147770307576595
development-442,0.006364237096405462,0.7859468537876751,0.2076889091159193
development-443,0.3710953341322342,0.5232253167922952,0.10567934907547062
development-444,0.2748732939388657,0.6231570896524146,0.10196961640871974
development-445,0.06270232450423209,0.9370414436344527,0.0002562318613152246
development-446,0.36030863011224423,0.6239221431992138,0.015769226688542085
development-447,0.9999069788818736,8.88602624346366e-05,4.1608556917533025e-06
development-448,0.0003667004748007705,0.5174298991470395,0.4822034003781596
development-449,0.13269470452802015,0.8670783900452191,0.0002269054267606212
development-450,0.9240441040503271,0.07467362729513186,0.0012822686545410442
development-451,0.0002359796278884864,0.999711677772681,5.234259943035631e-05
development-452,0.9478598765455926,0.04944616836627623,0.002693955088131234
development-453,0.9920511051117038,0.00024089242971315794,0.007708002458583137
development-454,0.08276984063664462,0.912824725117452,0.0044054342459033885
development-455,0.9576314674965247,0.005856433849649212,0.036512098653825986
development-456,0.0454227168754996,0.859923447373258,0.09465383575124246
development-457,0.27112928564430316,0.7268752855259079,0.0019954288297890097
development-458,0.007790721477524216,0.9368770897205189,0.05533218880195698
development-459,0.10642839355031526,0.8930659461328994,0.0005056603167853885
development-460,0.9565217864528233,0.0393804715586269,0.004097741988549858
development-461,9.074422457025025e-05,0.9999044688430981,4.786932331578342e-06
development-462,0.9997078945061372,6.921760840625441e-05,0.0002228878854565178
development-463,0.019147423465048805,0.9773135430857898,0.003539033449161488
development-464,0.022598819294982572,0.9591372908459205,0.018263889859096893
development-465,0.8884615290226776,0.09793662294373912,0.01360184803358335
development-466,0.8422623574312869,0.15549452838301733,0.00224311418569567
development-467,0.9605185339366247,0.0008618295502959499,0.03861963651307944
development-468,0.02397510986952939,0.319195403532119,0.6568294865983515
development-469,0.9909600421804813,0.002208372399951096,0.0068315854195676005
development-470,0.0013902665195644132,0.9902360693927607,0.008373664087674827
development-471,0.9009004886331116,0.03684194641821061,0.062257564948677756
development-472,0.9995514298993937,4.602560995251611e-06,0.000443967539610992
development-473,0.0021952456670949957,0.9974780510747161,0.00032670325818874536
development-474,0.002609811257450641,0.4305443294814968,0.5668458592610526
development-475,0.0005491122365919884,0.9987063865474938,0.0007445012159143061
development-476,0.01567514845365436,0.9771450474834323,0.007179804062913288
development-477,0.00018398481155929215,0.9988326256061227,0.0009833895823181812
development-478,0.08932724511578888,0.9062586128160262,0.004414142068185054
development-479,0.17091967550610826,0.23712608568611007,0.5919542388077818
development-480,0.9994921579473919,0.0005060762466431006,1.765805965187265e-06
development-481,0.0017031438109711972,0.9974640693569572,0.000832786832071672
development-482,0.9959034534888023,0.0005824856912601346,0.0035140608199375934
development-483,0.9924347813390129,0.0008938608221654099,0.006671357838821858
development-484,0.9993046265168999,0.00041180607540869054,0.0002835674076914024
development-485,0.9863112387159793,0.011305832090737359,0.002382929193283302
development-486,0.9930370428303662,0.002175545601927444,0.004787411567706308
development-487,0.6423129293454093,0.3343288141701603,0.023358256484430476
development-488,0.2663026210615553,0.7083328837933511,0.025364495145093684
development-489,0.9928867940119718,0.005446222508657305,0.0016669834793709459
development-490,0.0013370176504803248,0.9985269778749988,0.00013600447452101022
development-491,0.9231205219125361,0.07671773558167816,0.00016174250578577216
development-492,0.9875865843047206,0.012403907406812529,9.508288466746654e-06
development-493,0.3183721251515552,0.6583514032298579,0.0232764716185868
development-494,0.00043099766921742623,0.9975060326183978,0.002062969712384799
development-495,1.2507747930532795e-06,0.9860561301811643,0.013942619044042627
development-496,0.31461119785912484,0.6818235003072931,0.0035653018335820275
development-497,0.0023190748979882527,0.9974418612960615,0.00023906380595028226
development-498,0.01737349004652447,0.9825202917426584,0.00010621821081719217
development-499,0.0012653033764858195,0.9974136996205024,0.0013209970030119806
development-500,0.971446459465941,0.02799659714212535,0.000556943391933677
development-501,0.05850450045512555,0.022672927412945094,0.9188225721319294
development-502,0.9519532726623283,0.04217126484315235,0.005875462494519401
development-503,0.9854132647913784,0.014443783340913391,0.00014295186770830586
development-504,0.027414726433694594,0.9725608490654044,2.4424500900965764e-05
development-505,0.9989956946084607,0.0001668409629471904,0.0008374644285920086
development-506,0.9883869199197486,0.011601422695085961,1.1657385165571387e-05
development-507,0.44419929290751287,0.5555965442002602,0.00020416289222697001
development-508,0.9817264609469796,0.01626419977315247,0.0020093392798680265
development-509,3.217355166532021e-05,0.999668765012969,0.0002990614353658024
development-510,0.2868717934411801,0.6813764370257491,0.031751769533070844
development-511,0.9927040177862418,0.007243301973945368,5.268023981277648e-05
development-512,0.977033313687289,0.022064542908085252,0.0009021434046258532
development-513,0.9987951246362191,0.0010448839911153796,0.00015999137266536643
development-514,0.11766637760241282,0.09536210186415034,0.7869715205334368
development-515,0.9617359447739268,0.03481590770546417,0.0034481475206091777
development-516,0.0002258291441782886,0.9997725811452195,1.589710602242882e-06
development-517,2.2026685634612616e-06,0.9966580641567075,0.0033397331747289745
development-518,0.018909693975791626,0.7142595661215363,0.2668307399026721
development-519,0.0552116866447418,0.9368736690491346,0.007914644306123647
