ID,A,B,NEITHER
development-1,0.8714793812192017,0.07544234583684735,0.053078272943951114
development-2,0.9956560471043765,0.0007230344175810922,0.0036209184780422268
development-3,0.00099506283800405,0.998113334323132,0.0008916028388639217
development-4,0.14353480890782613,0.8511772870399177,0.005287904052256135
development-5,0.008476840830999815,0.9899970740089735,0.0015260851600266741
development-6,0.9957028379704836,0.00343612656306853,0.0008610354664477598
development-7,0.2430432207165204,0.33121667941990607,0.42574009986357364
development-8,0.027167701631053847,0.9320843620292961,0.04074793633965007
development-9,0.39709122901121263,0.5509812840196625,0.05192748696912492
development-10,0.5314277398030303,0.45090023205321983,0.017672028143749942
development-11,0.0020380154043296225,0.9370951060099467,0.06086687858572382
development-12,0.9706965995940144,0.021348545540700332,0.007954854865285228
development-13,0.7526826521731519,0.24729484129386944,2.2506532978809576e-05
development-14,0.9870342295131803,0.0013580761042950805,0.011607694382524706
development-15,0.006872366153437344,0.9914781787111739,0.0016494551353887165
development-16,0.4791709147764704,0.5035124228219454,0.01731666240158418
development-17,0.6242939616544338,0.27359442044508614,0.10211161790047997
development-18,0.9624834767384339,0.00974989510900554,0.027766628152560476
development-19,0.012244726904456193,0.9329707022174799,0.054784570878063904
development-20,0.9676584997073541,0.021683915273324954,0.010657585019321014
development-21,0.00815561616479976,0.9810331743423191,0.010811209492881125
development-22,0.9997999254210743,0.0001266288487074893,7.34457302182587e-05
development-23,0.9852129547656969,0.014505687862697542,0.00028135737160553506
development-24,0.011646523803752671,0.9871711502752558,0.001182325920991683
development-25,0.9997952989495631,1.2038737276975933e-05,0.0001926623131598733
development-26,0.022643495313856628,0.9772287038483536,0.00012780083778969782
development-27,0.10034732485244842,0.8754791671970054,0.02417350795054631
development-28,0.9920790081273031,0.007612929919966712,0.0003080619527303503
development-29,0.22867272302498776,0.6195053662824372,0.15182191069257503
development-30,0.9971498895114295,0.0023116125037490236,0.0005384979848216449
development-31,0.9840630481952569,0.01567285223565726,0.0002640995690859849
development-32,0.6119161757603435,0.032420858453108437,0.35566296578654794
development-33,0.00022713853102037095,0.9997641146556914,8.746813288270182e-06
development-34,0.7735961203152805,0.0002989295591837269,0.2261049501255358
development-35,0.9982533511009443,0.0012982257879649826,0.00044842311109065484
development-36,0.0020106322794176544,0.9968197933109115,0.0011695744096707121
development-37,7.971942924646868e-05,0.9998262968134942,9.398375725939463e-05
development-38,0.6204577525531142,0.17369638652634312,0.20584586092054263
development-39,0.9988787585371092,0.001046017289308777,7.522417358215373e-05
development-40,0.9907824092277758,0.00911951645556289,9.807431666125201e-05
development-41,0.998922317363467,0.0008600912662387484,0.00021759137029411405
development-42,0.9700352007075482,0.029367602000458605,0.0005971972919931128
development-43,1.1755273054235933e-05,0.999939556203727,4.868852321865191e-05
development-44,0.000737676245069131,0.999199015992335,6.330776259609347e-05
development-45,0.48493309379007815,0.39641598640082615,0.1186509198090957
development-46,0.5692293670205713,0.18920149218405732,0.24156914079537142
development-47,0.6682275030529424,0.19008894350029543,0.14168355344676226
development-48,0.00012380324239527523,0.9837028614738447,0.016173335283760033
development-49,0.915882671338723,0.07096514262982768,0.013152186031449326
development-50,0.0690698740687484,0.13605119674465854,0.7948789291865931
development-51,0.00013769776046598518,0.980704596087456,0.019157706152078093
development-52,0.29228562442918893,0.6396230793768025,0.06809129619400853
development-53,9.272362947748698e-05,0.9998782888772629,2.8987493259574975e-05
development-54,0.9598879471805558,0.025614195017020537,0.01449785780242358
development-55,0.005103025111963895,0.9878955678647772,0.007001407023258846
development-56,0.00424583461271518,0.5084815566713063,0.4872726087159785
development-57,0.12882118079272514,0.8025443579611982,0.06863446124607679
development-58,0.8631952292923196,0.08730425162340587,0.049500519084274656
development-59,0.9996674983996735,0.0003280486709191204,4.452929407433883e-06
development-60,0.9914343483527476,0.007264130462004961,0.0013015211852474718
development-61,0.00015870918093294906,0.9991252057800055,0.0007160850390614548
development-62,0.9918906777255505,0.00801353643233047,9.578584211889661e-05
development-63,0.009410312624094993,0.9801978312118765,0.01039185616402851
development-64,0.001254954965778671,0.9962347414046027,0.002510303629618644
development-65,0.5288820393508502,0.4396573750342518,0.031460585614898166
development-66,0.02286376252763203,0.09642955036994981,0.8807066871024181
development-67,0.9969367633087962,0.0030190780580665834,4.4158633137120876e-05
development-68,0.9334211849936047,0.05808739898409063,0.008491416022304547
development-69,0.03337748569882243,0.9466686653072188,0.019953848993958714
development-70,0.9989856519624555,6.373862944352473e-05,0.0009506094081009844
development-71,0.0002912757078380525,0.9986441167350112,0.0010646075571509653
development-72,0.5394842435001066,0.4586615481280041,0.0018542083718892028
development-73,0.01211175556500511,0.6279863048054317,0.3599019396295632
development-74,0.9993514443930464,0.0002539559199358031,0.0003945996870180097
development-75,0.9962440216119227,0.0035940897111557805,0.00016188867692168337
development-76,0.9986855908106511,1.6781909805512494e-05,0.0012976272795433125
development-77,0.9025027866438455,0.08105649264038532,0.016440720715769266
development-78,0.0017075674302735114,0.8791392987400166,0.11915313382971
development-79,0.9386858463677382,0.0612674631212759,4.669051098576747e-05
development-80,9.503334335172369e-05,0.9998490890208566,5.587763579172383e-05
development-81,0.01509554739016966,0.17301085055349752,0.8118936020563329
development-82,0.6107574434321198,0.04659778440715346,0.34264477216072675
development-83,0.9537007411795236,0.045691473268371356,0.0006077855521049005
development-84,0.0011120497301671745,0.9895631183235933,0.009324831946239448
development-85,0.11271643285992629,0.009481436053532409,0.8778021310865413
development-86,0.9708061415442178,0.029004546387075267,0.00018931206870690038
development-87,0.3690736691993777,0.6227829448854637,0.008143385915158669
development-88,0.9234139614091641,0.07577071754124154,0.0008153210495944312
development-89,0.048743530800512094,0.9369562779995719,0.014300191199915949
development-90,0.9999159947721451,7.60978577731201e-05,7.907370081786838e-06
development-91,0.003142232457490384,0.9924000658713478,0.004457701671161867
development-92,0.6500141438749318,0.16488621115390986,0.1850996449711583
development-93,0.29165990033817385,0.5700787246247009,0.13826137503712532
development-94,0.9997410943190872,5.9135058724309414e-05,0.0001997706221883186
development-95,0.047545990145979856,0.951956217474642,0.0004977923793781962
development-96,0.998563861588088,0.001180614673873621,0.00025552373803829916
development-97,0.007338431096163334,0.9892537702139353,0.0034077986899011914
development-98,0.01815392441692434,0.15220913491909874,0.829636940663977
development-99,0.0292375600958401,0.938515441718091,0.032246998186069104
development-100,0.5388304518693793,0.1857817690717061,0.2753877790589145
development-101,0.8297864991612829,0.035069606735217335,0.13514389410349983
development-102,0.9781948346360942,0.005174229359599573,0.016630936004305957
development-103,0.0020445595775695495,0.9979499236632656,5.5167591647609566e-06
development-104,0.8279013337350389,0.1602115524642145,0.01188711380074662
development-105,0.9985964148854729,0.0013926851172217291,1.0899997305306703e-05
development-106,0.9863465676868068,0.013246380030528608,0.00040705228266457716
development-107,0.9761380747677794,0.012950873144764544,0.010911052087456238
development-108,4.4878973619807395e-05,0.9997941034067013,0.00016101761967904878
development-109,0.9998908912660949,0.00010761748833265732,1.491245572518567e-06
development-110,0.001110965302853003,0.9877402879548351,0.01114874674231179
development-111,0.9999307294168933,9.843326622490285e-06,5.942725648408374e-05
development-112,0.998204448652424,0.0016442414110049558,0.0001513099365711163
development-113,0.0019525613244583307,0.09141747689507214,0.9066299617804695
development-114,4.301424606263702e-05,0.9975980303133892,0.002358955440548239
development-115,0.048342450063293185,0.06621482032975001,0.8854427296069568
development-116,0.00022665904128435537,0.9993866695336889,0.00038667142502686174
development-117,0.9997166142025551,0.0002313757045896166,5.201009285535948e-05
development-118,0.9992831738475069,0.0006822204057078145,3.460574678545997e-05
development-119,0.06991816749993052,0.7681457269739078,0.16193610552616172
development-120,0.9592183435553725,0.040579234068563,0.00020242237606443793
development-121,0.28582927381594175,0.7114850311367806,0.0026856950472775288
development-122,0.0005151533073069434,0.5640255747569327,0.43545927193576034
development-123,0.0005425466429551797,0.9982739211117342,0.0011835322453105019
development-124,0.9970416423009169,0.002773469726473943,0.0001848879726090556
development-125,0.10735512552669835,0.8072489519747698,0.08539592249853194
development-126,0.17699021589653843,0.7859876907258176,0.037022093377644005
development-127,0.0009167384001025631,0.9771526317255376,0.02193062987435984
development-128,0.012072814675422492,0.9879126374957775,1.4547828799931029e-05
development-129,0.9925311237819816,0.006984218247534424,0.0004846579704840469
development-130,0.9992461055397285,0.000749277284323646,4.617175948041001e-06
development-131,0.1295878376136702,0.8684752423349789,0.0019369200513508033
development-132,0.9957802464593455,0.0010495199027017528,0.0031702336379528006
development-133,0.9907781546981475,0.009148103109339075,7.37421925132285e-05
development-134,0.9659198901208391,0.03277524944956868,0.00130486042959221
development-135,1.695922940743231e-05,0.9999750856169471,7.955153645467235e-06
development-136,0.9995520201605057,0.00042651278579796417,2.146705369640783e-05
development-137,0.9261510432336444,0.008499636319330487,0.06534932044702527
development-138,0.44893812101721425,0.5464362406508309,0.004625638331954867
development-139,0.9897530098773325,0.009501903690029328,0.0007450864326382586
development-140,0.000564765882178261,0.9990735334988088,0.00036170061901278586
development-141,0.9916622142414451,0.008265384573712623,7.240118484213716e-05
development-142,0.0018303031838046064,0.9365567127102674,0.061612984105927845
development-143,0.9544411919660866,0.03842574006916887,0.007133067964744491
development-144,0.05164579041114742,0.9364840319986444,0.011870177590208291
development-145,0.9984166373821123,0.0010792730678405836,0.0005040895500471769
development-146,0.33396199153618816,0.635571804384157,0.030466204079655
development-147,0.0014404832085236482,0.9834688724116019,0.01509064437987459
development-148,0.985614078613812,0.0007239521767116567,0.013661969209476153
development-149,0.0011721655708444672,0.9630903662792303,0.0357374681499252
development-150,0.0007987170954730577,0.9987692995854596,0.0004319833190673546
development-151,0.9999376397362457,3.4194236237896505e-05,2.8166027516295707e-05
development-152,0.02265061800338958,0.9106750055242238,0.06667437647238664
development-153,0.9998786557805567,3.2088377527636606e-06,0.00011813538169060846
development-154,4.4652402313742716e-05,0.9999400308457057,1.5316751980540757e-05
development-155,0.20279540039159194,0.12645515949779443,0.6707494401106137
development-156,0.9966902287647367,0.002775847740210229,0.0005339234950530015
development-157,0.0004916103055577746,0.9994803838403198,2.8005854122494805e-05
development-158,0.9999861526262988,9.922175382953656e-06,3.925198318254616e-06
development-159,0.9868238796054579,0.012992621075593295,0.00018349931894866698
development-160,0.9911553088967231,0.0076875387850028195,0.001157152318274196
development-161,0.9921700030168525,0.007794385036547176,3.561194660031654e-05
development-162,0.0004671352871246447,0.9994483949870642,8.446972581112306e-05
development-163,0.9558585935121857,0.044124881618644696,1.6524869169702492e-05
development-164,0.7481178772691444,0.05277561812356197,0.19910650460729368
development-165,0.041343940327916655,0.9183531784210541,0.040302881251029224
development-166,0.08973423778502869,0.5115444204967192,0.3987213417182521
development-167,0.9997148288797167,0.00023716668588555942,4.800443439782725e-05
development-168,0.2706616978608894,0.6627111577780062,0.06662714436110427
development-169,0.0008499217564694227,0.9972058097438472,0.0019442684996834076
development-170,0.9071617450737018,0.07589648761717115,0.016941767309127078
development-171,0.5651161246866603,0.2707384263881023,0.16414544892523736
development-172,0.996348716039954,0.002296065827448157,0.0013552181325978334
development-173,0.9991127743099357,0.00020368932382196795,0.0006835363662424067
development-174,0.9994926822947023,0.0004756470285378929,3.167067675982631e-05
development-175,0.9994205108038464,0.0003938325724552207,0.0001856566236984484
development-176,0.46754971779491017,0.5307100373577863,0.0017402448473034624
development-177,0.0023572746512425125,0.9972567654496269,0.00038595989913050617
development-178,0.008963493123557386,0.9832712087507398,0.007765298125702757
development-179,0.01955967839889339,2.4993546043962876e-05,0.9804153280550626
development-180,0.9898411440120729,0.005013329041107651,0.00514552694681938
development-181,0.032287276960595766,0.015469446423752378,0.9522432766156518
development-182,0.9899057209646831,0.009852336285064442,0.00024194275025239787
development-183,0.03139219539343125,0.9644219522551423,0.004185852351426316
development-184,0.09222239233001862,0.9046356192390814,0.0031419884309000627
development-185,0.9967045052783352,1.2654096879373406e-05,0.0032828406247854087
development-186,0.9996126978383981,7.392097510770995e-05,0.0003133811864940053
development-187,0.6591979555364279,0.3110932235429886,0.02970882092058346
development-188,4.8048294225545794e-05,0.9998065921411108,0.0001453595646636842
development-189,0.9705738499469637,0.0025937024326639076,0.026832447620372513
development-190,0.9983370367665854,0.001651476096252241,1.1487137162422303e-05
development-191,0.6103763372788824,0.15794271936066495,0.2316809433604526
development-192,0.23842275012295386,0.7556157071137489,0.005961542763297004
development-193,0.005158488005077771,0.9947574466171059,8.406537781627824e-05
development-194,0.9972503482084863,0.001148033044933516,0.0016016187465802397
development-195,0.01935778105155353,0.9789271388423085,0.0017150801061379375
development-196,0.9993056071746586,0.0006826001376501205,1.179268769133399e-05
development-197,0.9976113711196157,0.0013369902218717243,0.00105163865851247
development-198,0.3480400390400565,0.6514711147682509,0.0004888461916926311
development-199,0.3674467299366458,0.6036992076833418,0.028854062380012455
development-200,0.019334721187795098,0.45461066556708585,0.526054613245119
development-201,0.08592230175345916,0.003352018893201694,0.9107256793533391
development-202,0.001981009385517909,0.9980128703049609,6.12030952117993e-06
development-203,0.9997844104638133,0.00018685571750150085,2.8733818685124123e-05
development-204,0.020341516251586506,0.9795053759599165,0.000153107788496994
development-205,0.000805284111553212,0.8490466388530761,0.1501480770353706
development-206,0.9992794849465303,5.793811446188131e-05,0.0006625769390079347
development-207,0.00022561715327628574,0.9963429018912822,0.003431480955441683
development-208,0.3077018182354643,0.3388522096181681,0.3534459721463676
development-209,0.11693122441400161,0.8827528560642404,0.00031591952175803614
development-210,0.0023821001161352506,0.9962802191904911,0.0013376806933738485
development-211,5.15284627549894e-05,0.9999461278239123,2.3437133326884305e-06
development-212,0.48398439974824786,0.4851161709303018,0.030899429321450397
development-213,0.36156143722220974,0.6383732816016471,6.528117614319396e-05
development-214,0.9887188228339092,0.0008346576182263475,0.010446519547864463
development-215,2.3443696782917916e-05,0.9998776790415081,9.88772617088189e-05
development-216,0.06993138336963106,0.9297600145829037,0.00030860204746540666
development-217,0.8924950075598667,0.00624267164108288,0.10126232079905051
development-218,0.03236202172577653,0.9142015324414451,0.053436445832778276
development-219,0.08425301456641829,0.9155787565794293,0.0001682288541523464
development-220,0.004946993424649508,0.9947865686481714,0.00026643792717911973
development-221,0.2476415141766155,0.751090546175215,0.0012679396481695142
development-222,0.9655005066645574,0.03432332412222216,0.00017616921322027737
development-223,0.9868854311608782,0.011532866197488174,0.0015817026416336056
development-224,0.006906840716146501,0.9901264510415806,0.002966708242272883
development-225,0.9991158780307848,0.000501213804454834,0.000382908164760331
development-226,0.9998808524427802,4.7882052157515035e-05,7.126550506223936e-05
development-227,0.01106666559289295,0.49196258895971684,0.49697074544739034
development-228,0.6811594470033873,0.04339926475332956,0.2754412882432831
development-229,0.00018677934894187863,0.9997890820722243,2.4138578833981653e-05
development-230,0.028351730432381976,0.9417219170396977,0.029926352527920388
development-231,0.13403769702673363,0.6779756048115454,0.18798669816172095
development-232,0.9358538773959953,0.0587809021069929,0.00536522049701193
development-233,0.9975899707597946,1.8350580983297064e-05,0.002391678659222151
development-234,0.06322694378534781,0.582186821139189,0.3545862350754631
development-235,0.9185566511715672,0.032601366246433845,0.048841982581999
development-236,0.01149660837010977,0.9585587703634607,0.029944621266429317
development-237,0.001753470932322224,0.9921944626095622,0.006052066458115536
development-238,0.06198574383148411,0.9332698750182213,0.0047443811502945014
development-239,0.9994748529315794,0.0005240260985793491,1.1209698411917874e-06
development-240,0.0011173437948429053,0.04938562555203488,0.9494970306531222
development-241,0.00024232025723389556,0.999396775005013,0.0003609047377530502
development-242,0.8331577797286838,0.16235932771001854,0.004482892561297874
development-243,0.03647384082392869,0.828973680821128,0.13455247835494344
development-244,0.9996661072230416,0.00016538386727106045,0.00016850890968736227
development-245,0.007006318895783162,0.8738281787686258,0.11916550233559099
development-246,0.0019299205695077603,0.9977691763667059,0.00030090306378632826
development-247,0.5797463633430058,0.2796776233133355,0.14057601334365866
development-248,0.019988541373749957,0.7031447185447088,0.27686674008154116
development-249,0.9964772757916868,0.0029617079141625864,0.000561016294150689
development-250,0.17792335194953945,0.8209650575948342,0.0011115904556264062
development-251,0.0015258909056514443,0.9976497025049841,0.000824406589364459
development-252,0.7843136096310205,0.2153169446522542,0.0003694457167254686
development-253,0.9976926574455439,0.0010148654683353464,0.0012924770861208739
development-254,0.9682079104352251,0.029443396916716453,0.0023486926480585264
development-255,0.001428548435185825,0.010518055819295625,0.9880533957455185
development-256,0.9958087295245425,0.00418616763014048,5.102845317032873e-06
development-257,0.19180217097628338,0.007494270988987208,0.8007035580347294
development-258,0.18075329383092242,0.8183458407510461,0.0009008654180315712
development-259,0.9710605726269615,0.021520894348739057,0.007418533024299218
development-260,0.002317901606731168,0.9975343944539504,0.00014770393931850333
development-261,0.969332980083232,0.030470965628616942,0.00019605428815112777
development-262,0.5799965848964138,0.41805754649959015,0.0019458686039960174
development-263,0.0001966273102450425,0.9997871575131717,1.621517658303284e-05
development-264,0.9642768720802135,0.035462553177139484,0.00026057474264705064
development-265,0.9693648727296359,0.030365965177468902,0.0002691620928952893
development-266,0.999806936360353,0.00015999055089000082,3.3073088756915886e-05
development-267,0.0012233391400863587,0.9985515437033673,0.00022511715654631478
development-268,0.2224103551932479,0.6553674919527563,0.12222215285399571
development-269,0.33217142686524104,0.2688256899996059,0.39900288313515303
development-270,1.7861226325802382e-06,0.9999969133687783,1.3005085892120926e-06
development-271,0.999232609075451,0.0005549454628423643,0.00021244546170657617
development-272,0.18694252293704322,0.8130357579458078,2.1719117148919993e-05
development-273,0.0033829428998821062,0.9104302440217193,0.08618681307839852
development-274,0.9947472314665317,0.0025042849539907014,0.002748483579477715
development-275,0.0048374885900661045,0.994645586147026,0.0005169252629077674
development-276,0.020217498551621495,0.9794705036477014,0.00031199780067694976
development-277,0.694856322718961,0.29381405017150003,0.011329627109538862
development-278,0.5939674748760924,0.34746543396583074,0.05856709115807692
development-279,0.01803874180414449,0.9811807137201168,0.0007805444757387386
development-280,0.3280257082733873,0.019046725774392925,0.6529275659522198
development-281,0.0014011132982042268,0.9982780417906226,0.0003208449111732655
development-282,0.02576919704259361,0.9140077948777544,0.06022300807965203
development-283,0.00365254895205494,0.9960842388524389,0.0002632121955063574
development-284,0.0005945041988359262,0.9992213488258794,0.0001841469752845999
development-285,0.9334224623653612,0.06521748794387519,0.0013600496907634557
development-286,0.9950824373464799,0.004062988546097492,0.0008545741074225121
development-287,0.99526083864789,0.0035300436912583015,0.001209117660851694
development-288,7.875813652002417e-07,0.9999986252801452,5.871384896079777e-07
development-289,0.9659778526442806,0.03393929533827716,8.285201744221954e-05
development-290,0.009910181318865695,0.9443685265841392,0.04572129209699507
development-291,0.9279957366053712,0.06886062497915388,0.003143638415474964
development-292,0.6248686174596744,0.35835768798079987,0.016773694559525706
development-293,3.307858612566525e-05,0.9986829286969812,0.0012839927168930914
development-294,0.9999798356022256,1.0234100128199293e-05,9.930297646218285e-06
development-295,0.024757110454278277,0.9213514850328146,0.05389140451290696
development-296,0.006248965142449664,0.99115240876236,0.0025986260951902772
development-297,0.9994747189040077,0.00048756387268039826,3.771722331185268e-05
development-298,0.7389091924433371,0.260525310096416,0.0005654974602470227
development-299,0.9808601240222923,0.01827385716818537,0.000866018809522349
development-300,0.9807322656828942,0.011978508451318388,0.0072892258657876186
development-301,0.0004176481627759245,0.9991290314426251,0.0004533203945991146
development-302,0.9528518747970169,0.04704282377294234,0.00010530143004070715
development-303,0.0016309166569139196,0.9885487975327938,0.00982028581029245
development-304,0.9884742710883252,0.010819655049872577,0.0007060738618022794
development-305,0.002307174138560571,0.9967425331677057,0.0009502926937337871
development-306,0.007943424854330085,0.9918561446427414,0.00020043050292847697
development-307,0.9952538602914707,0.003911369380498241,0.0008347703280309841
development-308,0.003468911353344752,0.9943318458195101,0.002199242827145028
development-309,0.018490836670788335,0.9812126539025485,0.0002965094266632447
development-310,0.9800533611546332,0.019573492963709468,0.0003731458816573476
development-311,0.7532197842643265,0.003407727084630607,0.24337248865104308
development-312,0.6144097072583189,0.3855579762377269,3.2316503954296534e-05
development-313,0.03723904100174386,0.9602507782474652,0.002510180750790856
development-314,0.9843763645357075,0.015610910348391396,1.2725115901064373e-05
development-315,0.5760349179196429,0.423051901943602,0.0009131801367551325
development-316,0.9160515563201026,0.0831838026363115,0.0007646410435858728
development-317,0.8953499266650766,0.10461204412254174,3.802921238176854e-05
development-318,0.9925595340912006,0.006690644887526099,0.0007498210212732762
development-319,0.9991102318015832,4.9901427363467886e-05,0.0008398667710532848
development-320,0.8912410322197557,0.10823547914367034,0.0005234886365740446
development-321,0.99849377346207,0.0011093518895731011,0.00039687464835678636
development-322,0.001508954075813042,0.9984759349315258,1.5110992661132208e-05
development-323,0.9997515623342735,0.00011941493436121166,0.00012902273136529524
development-324,0.07708360826405251,0.8786672904858155,0.0442491012501321
development-325,0.08488141174911522,0.465850834232768,0.4492677540181167
development-326,0.3405867890650287,0.6593543157444846,5.8895190486650675e-05
development-327,0.9999841876151195,1.5687176212677365e-05,1.252086678276245e-07
development-328,0.9427006509673568,0.0005014761493579232,0.05679787288328531
development-329,0.9018612669514281,0.0778886356713205,0.020250097377251294
development-330,0.9958748341772792,0.004074561081219575,5.060474150118554e-05
development-331,0.8261037293263315,0.1715639591383263,0.002332311535342128
development-332,0.005330284101660679,0.9761191667866728,0.018550549111666627
development-333,0.9873704806625679,0.009471194808393611,0.003158324529038576
development-334,0.9978149801753342,0.0021131632177172756,7.185660694854664e-05
development-335,0.5590223210212204,0.4103868913656919,0.030590787613087582
development-336,0.005699187211686517,0.8960755148505275,0.09822529793778584
development-337,0.25014893872372124,0.20981532511105055,0.5400357361652283
development-338,0.9987115037463478,0.0011930700332696725,9.542622038244904e-05
development-339,0.9999506973883309,4.211522537899074e-05,7.187386290166318e-06
development-340,0.0050231795123325635,0.993382582349916,0.0015942381377513318
development-341,0.269509969503095,0.717309210471734,0.013180820025170849
development-342,0.6055130051516273,0.3932380451492428,0.001248949699130009
development-343,0.9959147979480182,0.002033903317736882,0.0020512987342448563
development-344,3.7502914392252035e-06,0.9999951077090348,1.141999525834032e-06
development-345,0.005832083205230181,0.9940336889420475,0.0001342278527224289
development-346,0.7804878131121912,0.18887879123470233,0.03063339565310653
development-347,0.9760576399225591,0.004985679676111519,0.01895668040132935
development-348,0.35326768373082873,0.30941479596737925,0.33731752030179196
development-349,0.7984962933368718,0.04493634102903468,0.15656736563409354
development-350,0.00927862675279115,0.0020519759522165154,0.9886693972949923
development-351,0.5307679950915458,0.04010448529095684,0.42912751961749745
development-352,0.9316389764293737,0.06820417945331253,0.00015684411731376835
development-353,0.03669850737554986,0.1419143629649804,0.8213871296594698
development-354,0.026294925477380663,0.963769507699247,0.009935566823372419
development-355,0.6722315674904694,0.3085404804573009,0.0192279520522297
development-356,0.75868462666469,0.20195442162702057,0.03936095170828926
development-357,0.988798272939267,0.0036472650959788943,0.007554461964754206
development-358,0.11091880323754016,0.06962273021298265,0.8194584665494772
development-359,0.0016293994033334588,0.9971062371489728,0.001264363447693862
development-360,0.9994858155652672,0.00010216625901689932,0.00041201817571593274
development-361,0.6381230078073941,0.33827127596579704,0.02360571622680889
development-362,0.01820531512635435,0.9683868757184471,0.013407809155198675
development-363,1.3298226472167028e-05,0.999985277824564,1.423948963865451e-06
development-364,0.9982659279731708,0.0002670932947734234,0.0014669787320558663
development-365,0.9987360394892899,0.00085978358695533,0.00040417692375494815
development-366,0.09871095188405857,0.8948815212808203,0.006407526835120976
development-367,0.6944872956760539,0.30403223668252227,0.0014804676414237597
development-368,0.9998935047812846,3.0119334512849018e-05,7.637588420266092e-05
development-369,0.007247470778832541,0.9923857044303067,0.00036682479086065916
development-370,0.6293052094461544,0.3475288610891793,0.023165929464666217
development-371,0.7259279618389223,0.26346543623698354,0.01060660192409423
development-372,0.08014371922400412,0.9155960722971357,0.0042602084788600485
development-373,0.9092008536226154,0.012739614878590353,0.07805953149879422
development-374,0.00015443213667821882,0.9996100719257354,0.00023549593758637953
development-375,4.276396607229976e-05,0.07111660640495115,0.9288406296289766
development-376,2.90286082400019e-06,0.999991664428917,5.432710258901473e-06
development-377,0.0006848375706872666,0.002676278879107196,0.9966388835502055
development-378,0.023720761936467896,0.9662673506977583,0.010011887365773795
development-379,0.00032099785813381726,0.9996785970481172,4.050937487617602e-07
development-380,0.9900172495889892,0.0038435138625113976,0.00613923654849928
development-381,0.48056942146716325,0.2195643810107783,0.29986619752205845
development-382,0.007187612123810437,0.9924974005349395,0.0003149873412499399
development-383,0.9999059510106836,2.7054805731682656e-05,6.699418358478064e-05
development-384,0.08913961670445429,0.9082220309445976,0.002638352350947962
development-385,2.8336531070682044e-05,0.9994702639928786,0.0005013994760506088
development-386,0.3099552248997466,0.6446673082828308,0.04537746681742264
development-387,0.9990671423713736,9.776370442023455e-06,0.0009230812581843236
development-388,0.007799951713722328,0.992177768575282,2.2279710995688937e-05
development-389,0.9998280739913056,5.5306328586750306e-05,0.00011661968010772486
development-390,0.11822677334007946,0.8813880070575891,0.0003852196023313793
development-391,0.9965480303154504,0.00345051504091264,1.4546436371532058e-06
development-392,0.3640637191755986,0.6355227170632889,0.0004135637611126787
development-393,0.029218169899687122,0.9691101406998964,0.0016716894004162478
development-394,0.00039727872554196064,0.9995424970169668,6.0224257491272585e-05
development-395,0.2557715294458109,0.15558392951200511,0.5886445410421841
development-396,0.0010459072099067391,0.9988438533945814,0.00011023939551173685
development-397,0.8592168742226973,0.09945529819379151,0.04132782758351115
development-398,0.001099912880379311,0.908499026686066,0.09040106043355475
development-399,0.9975906157881982,0.00013684501580159774,0.0022725391960001645
development-400,0.45342566668169765,0.1434753051594024,0.4030990281589001
development-401,0.32891927687489564,0.6702248238967364,0.0008558992283679398
development-402,0.020534672520316665,0.9363548891982222,0.04311043828146109
development-403,0.021383245052198466,0.960911927885568,0.017704827062233468
development-404,0.9955987786483219,3.507297665790087e-05,0.004366148375020107
development-405,4.1705786419370245e-05,0.14858802122208314,0.8513702729914975
development-406,0.495720360808558,0.012300873726167501,0.4919787654652744
development-407,0.179448499867976,0.8152079647002699,0.005343535431754055
development-408,0.9983226006202781,0.0016173280090343782,6.0071370687619565e-05
development-409,0.9946333460445947,0.0032540704931858853,0.002112583462219438
development-410,0.990086916289496,0.009879204803737393,3.387890676665485e-05
development-411,0.9963837328887499,0.00016525981320387215,0.003451007298046307
development-412,0.999998237410331,1.2642537786737952e-06,4.983358902837946e-07
development-413,0.4302836635820979,0.06019602900764659,0.5095203074102556
development-414,0.9991645971639611,0.0004745580923690514,0.0003608447436697982
development-415,0.001575069170741513,0.9966765483986131,0.001748382430645281
development-416,0.0012581703097494187,0.9975592123054062,0.0011826173848445143
development-417,0.9993540474293569,0.00022974710126909598,0.00041620546937408816
development-418,0.9542038915722001,0.03792316989024221,0.007872938537557736
development-419,0.7720871712144531,0.22707033601239732,0.0008424927731497313
development-420,0.9667973901815843,0.03233194000276189,0.0008706698156538667
development-421,0.997186757071945,0.00033028672408577913,0.0024829562039692487
development-422,0.9905985764154149,0.0033966974988342766,0.0060047260857508345
development-423,0.9978223440538659,0.0020130580320680764,0.00016459791406594413
development-424,0.344040593694669,0.6316813798525934,0.024278026452737644
development-425,0.998876919204116,0.00026320874861134123,0.0008598720472726262
development-426,0.006347098004389019,0.993197691304346,0.00045521069126512294
development-427,0.20440120736133843,0.3275761215802722,0.46802267105838935
development-428,0.9947231625285682,0.003057726076854185,0.0022191113945777045
development-429,0.9258076084399008,0.06967476601935575,0.004517625540743361
development-430,0.17199656837073082,0.8162898956339507,0.011713535995318372
development-431,6.360025514957962e-05,0.9958371346242992,0.0040992651205511745
development-432,0.028481417136392847,0.9682941650066746,0.0032244178569324038
development-433,0.9578331975173312,0.04201890092259845,0.00014790156007029698
development-434,0.9927811629166434,0.0062941502441682794,0.0009246868391883657
development-435,0.001111268727231934,0.9988448866181964,4.384465457155101e-05
development-436,0.007687037787969548,0.9375950856124062,0.05471787659962426
development-437,0.9997729214896577,0.00021863575601972527,8.442754322630717e-06
development-438,0.6466299842125439,0.34506831691266926,0.008301698874786769
development-439,0.7837659972112669,0.21256971450912363,0.0036642882796094262
development-440,0.00014334361789605364,0.9998532196453664,3.4367367374187848e-06
development-441,0.9679608523650393,0.030087739858020376,0.0019514077769403713
development-442,0.009862831579713977,0.7874127653809898,0.2027244030392962
development-443,0.21711364743713132,0.654798495348341,0.12808785721452776
development-444,0.40462860783962745,0.5008919147074745,0.09447947745289793
development-445,0.027534486313517362,0.9721212213837412,0.00034429230274141777
development-446,0.4654393585342701,0.5204706563286051,0.014089985137124759
development-447,0.9998698668204272,0.0001239170708651568,6.216108707590101e-06
development-448,0.0010024343875554738,0.7146731397333774,0.28432442587906703
development-449,0.04372092084557509,0.9562065452586102,7.25338958147189e-05
development-450,0.9558682971954767,0.043136725496379986,0.0009949773081432069
development-451,0.0002494860595546332,0.999688814624559,6.169931588633921e-05
development-452,0.9288203404230542,0.0626750168827416,0.008504642694204262
development-453,0.9944836136955738,0.00017972222694293786,0.005336664077483287
development-454,0.08968623426480245,0.9076729380123016,0.002640827722895856
development-455,0.9323074669466955,0.010101892505127948,0.05759064054817649
development-456,0.018472476864701704,0.8588735908808375,0.12265393225446088
development-457,0.15585951540324958,0.8432189477948524,0.0009215368018980598
development-458,0.00844149813249251,0.9321337390483216,0.05942476281918593
development-459,0.1103562467778078,0.889172382031592,0.00047137119060031786
development-460,0.9601751797766073,0.03621352233424856,0.0036112978891441974
development-461,7.228754731584432e-05,0.999920462679639,7.249773045196429e-06
development-462,0.9995094568572293,9.563941441776574e-05,0.00039490372835304844
development-463,0.007681317559498492,0.9817162119464283,0.010602470494073056
development-464,0.01390169701964606,0.9797497142584451,0.006348588721908854
development-465,0.8951903657055084,0.09114786906603567,0.013661765228456123
development-466,0.914112922800643,0.0838541070424937,0.0020329701568632475
development-467,0.9720227723183139,0.0009832744263535823,0.02699395325533252
development-468,0.04910496223227711,0.23096361506577553,0.7199314227019473
development-469,0.9902434299663974,0.006635049377138792,0.0031215206564638555
development-470,0.0006909687564313539,0.9916750130449802,0.007634018198588392
development-471,0.7986203976972124,0.09178075805421672,0.10959884424857093
development-472,0.9997422139129528,1.6734344623615054e-06,0.00025611265258502385
development-473,0.0035045385774798293,0.9961164405476682,0.00037902087485179294
development-474,0.0026611813303474984,0.2591020539936499,0.7382367646760026
development-475,0.00025357800234767903,0.9995499492247282,0.00019647277292433738
development-476,0.00344294089505755,0.9936375137748227,0.002919545330119833
development-477,0.00058125718099129,0.9983272646643222,0.001091478154686586
development-478,0.09281197970876774,0.8948230992383003,0.012364921052931986
development-479,0.06941262851157222,0.13786240815706158,0.7927249633313662
development-480,0.99961224389607,0.0003846861554560538,3.069948473974644e-06
development-481,0.0008476122640140557,0.9984994025144882,0.0006529852214977953
development-482,0.9976346019405459,0.0002642748812443909,0.0021011231782097147
development-483,0.9920130769939018,0.001103974415795149,0.0068829485903030944
development-484,0.9989930374073376,0.0008585113709800051,0.0001484512216824347
development-485,0.9895192052570486,0.007417189412078431,0.0030636053308728682
development-486,0.9906170574125966,0.002064364397173712,0.00731857819022953
development-487,0.7576941696679962,0.2291042163084728,0.013201614023531
development-488,0.48676197864316273,0.47839408952043444,0.03484393183640279
development-489,0.9911920940880206,0.007276000267654535,0.0015319056443250424
development-490,0.001026111330116016,0.9989057654465268,6.812322335724824e-05
development-491,0.9361037521002112,0.06384146228587789,5.478561391083575e-05
development-492,0.9799697541595607,0.019996029150588925,3.421668985039099e-05
development-493,0.2951738466070151,0.6840977367418583,0.020728416651126555
development-494,0.00047757815712390545,0.9970135707111133,0.0025088511317626345
development-495,7.831296535770736e-07,0.981216907797942,0.01878230907240433
development-496,0.34789761428360677,0.650845540638163,0.001256845078230076
development-497,0.0036107683974820294,0.9961746986590225,0.00021453294349547839
development-498,0.007326258408334187,0.9926329086222923,4.083296937363746e-05
development-499,0.0006318361133935174,0.9985943550836078,0.000773808802998574
development-500,0.9682869022318702,0.030625009341556996,0.001088088426572802
development-501,0.03627674731227364,0.012167786576974808,0.9515554661107515
development-502,0.8383088042756534,0.1516444031956726,0.010046792528674211
development-503,0.9928148306438782,0.007095209674936493,8.995968118526379e-05
development-504,0.018906346424227203,0.9810732066735032,2.044690226961521e-05
development-505,0.9992176520728834,8.995839275919621e-05,0.000692389534357481
development-506,0.9358654865254674,0.06410428614237672,3.0227332155867126e-05
development-507,0.5188053160272883,0.48102532694896033,0.0001693570237513048
development-508,0.9841645857227994,0.012573657936330918,0.003261756340869461
development-509,1.2794377650842422e-05,0.9998409724932066,0.000146233129142671
development-510,0.42332418313459896,0.5493173302359184,0.02735848662948252
development-511,0.9977532728301495,0.0022256541807612134,2.107298908936879e-05
development-512,0.9978014739375439,0.001802279316409066,0.00039624674604704614
development-513,0.9996709073561436,0.00025825288695135643,7.083975690490686e-05
development-514,0.12717892105497222,0.11223701972720791,0.7605840592178199
development-515,0.9573754910909156,0.03797641617885279,0.004648092730231652
development-516,5.726488964530596e-05,0.9999424261352374,3.089751172352281e-07
development-517,1.7443615956341057e-06,0.9972819062067879,0.0027163494316162972
development-518,0.016648424836040867,0.6358686008947266,0.3474829742692325
development-519,0.23370795265785896,0.7494910609355756,0.016800986406565466
