ID,A,B,NEITHER
development-1,0.915331838909631,0.02082919829973879,0.0638389627906301
development-2,0.9804776873155832,0.0018377694153745247,0.017684543269042254
development-3,0.0004934410738042651,0.9990001836714087,0.0005063752547868383
development-4,0.11071496602985871,0.8809603026675864,0.008324731302554823
development-5,0.010836770720300043,0.9879663952991923,0.001196833980507807
development-6,0.9991881748932508,0.0006356437525800782,0.00017618135416915995
development-7,0.07138361234247803,0.4475237292317488,0.48109265842577315
development-8,0.06995042403019279,0.8608577932821923,0.06919178268761497
development-9,0.4252516716793461,0.5377594014905079,0.036988926830145874
development-10,0.23767678496924585,0.7318867625417531,0.0304364524890011
development-11,0.0010352994470487057,0.9690999076931599,0.02986479285979147
development-12,0.9375066349885366,0.051460733082935424,0.011032631928527974
development-13,0.8026738546740386,0.19730606424455222,2.008108140908254e-05
development-14,0.9887167657068734,0.001618200336521072,0.009665033956605434
development-15,0.0016455736951329193,0.997770871810584,0.0005835544942831974
development-16,0.39359048866254837,0.5811795113933768,0.025229999944074936
development-17,0.3512025342018147,0.4952892647009885,0.15350820109719693
development-18,0.9529286962488592,0.033160853721186774,0.01391045002995412
development-19,0.013036248618902721,0.926152799815196,0.060810951565901154
development-20,0.9449757728811284,0.050487728194492924,0.004536498924378683
development-21,0.014933165757230986,0.9490617975473082,0.03600503669546092
development-22,0.9998365834900801,0.00010038898749964391,6.30275224201414e-05
development-23,0.978581265723139,0.02089524404870686,0.0005234902281541768
development-24,0.008409392064939345,0.9899438960239062,0.0016467119111542674
development-25,0.9998384841435167,1.2949062900336458e-05,0.00014856679358293473
development-26,0.08601640971431367,0.9137806517410891,0.00020293854459722368
development-27,0.1899113511418675,0.7448840453679915,0.06520460349014102
development-28,0.9858828785016758,0.013518592019845805,0.0005985294784785064
development-29,0.05195438610211447,0.9043343099981629,0.043711303899722706
development-30,0.9984306952274372,0.0011063454997138928,0.0004629592728488554
development-31,0.9952955704286828,0.004522755373990953,0.0001816741973263181
development-32,0.6254075398645516,0.03661443926558475,0.33797802086986367
development-33,0.00034042867742388537,0.9996365974676067,2.2973854969223502e-05
development-34,0.6911211370958237,0.0006893128961480702,0.3081895500080281
development-35,0.9985128623108731,0.0007923316312214973,0.0006948060579053972
development-36,0.0003559752381737263,0.9991191591352447,0.0005248656265814228
development-37,4.5845478559888256e-05,0.9998518078105635,0.00010234671087659285
development-38,0.3719227435390662,0.3719495987728283,0.2561276576881055
development-39,0.9987460234780223,0.0010367355980050962,0.00021724092397271214
development-40,0.9917413117571997,0.008208613592164574,5.007465063567581e-05
development-41,0.9991061278842719,0.0007672990174611028,0.00012657309826700206
development-42,0.97374575086855,0.02584051022125595,0.00041373891019418226
development-43,1.048302713701041e-05,0.9999762447195584,1.3272253304578792e-05
development-44,0.0002741684286936228,0.9997001038374163,2.572773389021458e-05
development-45,0.396583404932313,0.44868283902756384,0.15473375604012315
development-46,0.4812325192847567,0.29445629141399504,0.22431118930124824
development-47,0.7734326721377417,0.08415712159425795,0.1424102062680004
development-48,0.00013635553409092302,0.977922050683428,0.021941593782481145
development-49,0.8342580426107107,0.14712316960301322,0.018618787786276122
development-50,0.03088605022888255,0.15289209793738456,0.816221851833733
development-51,4.30289739071932e-05,0.9963061111771357,0.0036508598489571136
development-52,0.40405062422898697,0.5466193679930409,0.04933000777797218
development-53,3.928481757730782e-05,0.9999530662011918,7.64898123079799e-06
development-54,0.9774611972310784,0.015318923679032894,0.00721987908988868
development-55,0.024088943741099295,0.9552994165442923,0.02061163971460852
development-56,0.013923290759509536,0.3310028282949464,0.655073880945544
development-57,0.07945635664056629,0.8755691910113302,0.04497445234810339
development-58,0.791443708926002,0.12068316933873996,0.08787312173525788
development-59,0.9999237353124419,7.205131168552135e-05,4.213375872582862e-06
development-60,0.9909935082806972,0.007446752954292617,0.0015597387650100078
development-61,4.643067428037941e-05,0.9988499954906983,0.0011035738350213332
development-62,0.9927040690071963,0.007228886822270589,6.704417053311342e-05
development-63,0.009203492653382541,0.9861256248661523,0.004670882480465247
development-64,0.0007092000779811737,0.9980578503648728,0.0012329495571460557
development-65,0.3927060857103779,0.5718783368756988,0.03541557741392332
development-66,0.01915449180390941,0.20615214183471162,0.7746933663613791
development-67,0.9988991701040961,0.001084902829625905,1.5927066278057012e-05
development-68,0.9433874099591506,0.05066255111959083,0.005950038921258731
development-69,0.10301346416151905,0.8085645001943819,0.08842203564409908
development-70,0.9992111298080878,0.00018989369310443727,0.0005989764988078469
development-71,0.00028860643881340576,0.9987635572127862,0.0009478363484004507
development-72,0.5383498402277476,0.4609256105994508,0.0007245491728015811
development-73,0.004493131774858501,0.7553296532412382,0.2401772149839032
development-74,0.9988079943816989,0.0005668260709942345,0.0006251795473070198
development-75,0.9970776596313424,0.002495453721997922,0.0004268866466596186
development-76,0.9986909590937307,2.2608021648662044e-05,0.0012864328846205336
development-77,0.6618369737972741,0.3205897281665972,0.017573298036128632
development-78,0.006313100019044008,0.768680684482006,0.22500621549895
development-79,0.9598246582716687,0.04009149573979972,8.384598853149933e-05
development-80,8.185697351316559e-05,0.9999020465843372,1.609644214967894e-05
development-81,0.0025935678090475063,0.21341152965895835,0.7839949025319941
development-82,0.28988211365339056,0.1546945958898621,0.5554232904567473
development-83,0.9468553152977175,0.05238354809295882,0.0007611366093235079
development-84,0.0014364594388370357,0.9904731082967442,0.0080904322644187
development-85,0.03799908091362063,0.010747367559907992,0.9512535515264714
development-86,0.9892972229562432,0.010586781312220973,0.00011599573153587608
development-87,0.40125016003015307,0.5891087941005461,0.00964104586930099
development-88,0.9708473694607788,0.028886739911875688,0.0002658906273457078
development-89,0.030182299750133264,0.9498272544098234,0.019990445840043336
development-90,0.9999569097793939,3.7204323966637044e-05,5.885896639436633e-06
development-91,0.006041863694834698,0.9743061472503519,0.019651989054813378
development-92,0.7637455857344321,0.14721026953841101,0.0890441447271568
development-93,0.17600188676531006,0.758145417136647,0.06585269609804298
development-94,0.99963067524454,6.91036432435641e-05,0.0003002211122162852
development-95,0.011511029538904559,0.9883537879581867,0.00013518250290856768
development-96,0.9977864999030318,0.0015639548823198391,0.0006495452146482981
development-97,0.0105013150104753,0.9782144972898847,0.011284187699639884
development-98,0.012262821178232944,0.45419319053796303,0.533543988283804
development-99,0.06522824770412876,0.9240807532622752,0.010690999033595978
development-100,0.4267351386204706,0.321416477562187,0.25184838381734237
development-101,0.713254581896627,0.03983190943593916,0.24691350866743383
development-102,0.9790631334451642,0.010454873555824779,0.010481992999011024
development-103,0.001070165252405205,0.9989265008247553,3.3339228394722796e-06
development-104,0.6990808129560454,0.27966317777693755,0.021256009267017095
development-105,0.9996302300737101,0.000363942689783642,5.827236506243119e-06
development-106,0.9846361493376944,0.014950960065148717,0.0004128905971568139
development-107,0.9689209204649661,0.01676678524933945,0.014312294285694454
development-108,1.4344509470977464e-05,0.999752957063434,0.00023269842709490942
development-109,0.9998952399251975,0.00010390733400273658,8.527407996321788e-07
development-110,0.0022824357993911472,0.988664521123218,0.009053043077390917
development-111,0.9999447246835059,4.839870672035481e-06,5.0435445821965385e-05
development-112,0.9931506686306507,0.006599726429579297,0.00024960493976984224
development-113,0.0016337549241513608,0.09516580424680016,0.9032004408290484
development-114,4.711349125883862e-05,0.995034015187777,0.004918871320964317
development-115,0.08458142944945347,0.040417453562965736,0.8750011169875808
development-116,0.0003194455558095244,0.9982600972413904,0.0014204572028002106
development-117,0.9992577548010967,0.0007098034566164854,3.2441742286989846e-05
development-118,0.9995081563189909,0.00047344355660420857,1.8400124404885793e-05
development-119,0.01966277172180523,0.8274588255643386,0.15287840271385617
development-120,0.9355381834440142,0.06431332796104236,0.00014848859494353696
development-121,0.13426563074075193,0.8637013156636669,0.002033053595581268
development-122,0.00011785793456227453,0.8517419065706988,0.1481402354947389
development-123,0.0007785666773134721,0.9958598668207448,0.0033615665019417567
development-124,0.9951932860406847,0.004537123486802596,0.0002695904725125286
development-125,0.039017734776289975,0.8957741988459511,0.06520806637775886
development-126,0.18557712616143682,0.7674354352733869,0.04698743856517623
development-127,0.001460087256670123,0.9614662983857296,0.03707361435760019
development-128,0.014834270652909045,0.9851567861527177,8.943194373213678e-06
development-129,0.9935483803315976,0.005976878114725104,0.00047474155367736696
development-130,0.9984477382366053,0.0015488040457165985,3.457717678074521e-06
development-131,0.08787027472190788,0.9080363623132921,0.004093362964800004
development-132,0.9813065965162581,0.012138266855911184,0.006555136627830913
development-133,0.9977597491385208,0.0022131525431968663,2.709831828222001e-05
development-134,0.9529852012088261,0.04582061266637183,0.0011941861248022066
development-135,8.730548177180836e-07,0.999997955667618,1.1712775644156362e-06
development-136,0.9987954737832999,0.001164560121051299,3.996609564896559e-05
development-137,0.9322674133024014,0.004657985320468507,0.0630746013771303
development-138,0.6806235690380217,0.31468348088056053,0.004692950081417921
development-139,0.987687938585559,0.01132800580719876,0.00098405560724218
development-140,0.00012495927791612095,0.9998109506130872,6.409010899665224e-05
development-141,0.9926290322336355,0.007289435618212496,8.153214815187317e-05
development-142,0.0006653222331211195,0.9384095661865409,0.06092511158033799
development-143,0.9189811534518315,0.07579590148533581,0.005222945062832591
development-144,0.21759937759052353,0.7621974097302404,0.020203212679236093
development-145,0.9941846891515818,0.0035430469427965654,0.0022722639056218033
development-146,0.3090530906115732,0.6739867517015435,0.016960157686883283
development-147,0.0007713433295278043,0.9936556409998146,0.005573015670657455
development-148,0.9551945649634783,0.003402433963659527,0.041403001072862114
development-149,0.00254116248826097,0.9644720872413555,0.03298675027038352
development-150,0.00043741162964355736,0.9993561313627054,0.00020645700765099817
development-151,0.9999028919894132,3.210320321603448e-05,6.500480737077778e-05
development-152,0.05394071122806198,0.7838641012094193,0.16219518756251877
development-153,0.9998293478994933,1.3239979735235184e-05,0.00015741212077161689
development-154,4.5991248922168685e-05,0.9999137703253592,4.023842571865567e-05
development-155,0.3984470121003515,0.06888210495448509,0.5326708829451634
development-156,0.9915388344553024,0.00781628745925398,0.0006448780854435734
development-157,0.0006766195214700095,0.9993068669229628,1.6513555567230854e-05
development-158,0.9999924001294036,3.187991149134183e-06,4.411879447137547e-06
development-159,0.9961894483199515,0.003678096588840738,0.00013245509120799563
development-160,0.9875092912278761,0.010288785944548347,0.0022019228275755036
development-161,0.9115484579567509,0.08841477605965638,3.6765983592679924e-05
development-162,0.0015438866821036624,0.9982621079832232,0.00019400533467304437
development-163,0.8995352067904936,0.10045383391540061,1.0959294105839158e-05
development-164,0.7124844070598527,0.06014761401927399,0.22736797892087332
development-165,0.006847709060837671,0.9821818298655675,0.010970461073594851
development-166,0.10984135875144348,0.4192944120047149,0.4708642292438416
development-167,0.999431295191645,0.00046217077745916554,0.00010653403089588685
development-168,0.4865822131981021,0.4667427142488664,0.046675072553031535
development-169,0.0016209954636572266,0.9891432170592751,0.0092357874770678
development-170,0.891850065443165,0.09125102896730937,0.016898905589525694
development-171,0.83231645387765,0.08134869161336256,0.08633485450898747
development-172,0.9922760374888273,0.005474020015947915,0.002249942495224801
development-173,0.9979728189102608,0.0005874972862190415,0.0014396838035200653
development-174,0.9996021608303578,0.0003736322874949124,2.4206882147291607e-05
development-175,0.9993781357869114,0.0004705105683284344,0.00015135364476025906
development-176,0.5756779139739472,0.42240889293694966,0.001913193089103176
development-177,0.01016507316521744,0.9893388239595319,0.0004961028752504951
development-178,0.011411494408368594,0.9860844961532136,0.0025040094384179085
development-179,0.013734938937059845,0.00011701979755469705,0.9861480412653854
development-180,0.9926731649741247,0.004487151810407185,0.0028396832154680774
development-181,0.0668113498127697,0.00482585814239461,0.9283627920448357
development-182,0.9989325006255073,0.0009851895117597865,8.230986273293963e-05
development-183,0.08663369209328815,0.9082592657322724,0.005107042174439306
development-184,0.04558465705996954,0.9520337637076001,0.0023815792324304356
development-185,0.9860194323442714,2.0087114451511036e-05,0.013960480541277203
development-186,0.9992454519574048,0.0001196000734918562,0.0006349479691033988
development-187,0.45119168336365906,0.49613834196217516,0.05266997467416585
development-188,8.63394459555112e-05,0.9996862928144334,0.00022736773961108125
development-189,0.9836221964209291,0.0018033558161433924,0.014574447762927326
development-190,0.994707401741441,0.005272791674342207,1.9806584216655755e-05
development-191,0.5479612456092243,0.2729100508370156,0.17912870355376018
development-192,0.21309165943107958,0.7851967752301355,0.001711565338784918
development-193,0.008140390168944267,0.9917087059451772,0.00015090388587854132
development-194,0.9959196265337296,0.0027309061494382347,0.0013494673168321482
development-195,0.004055046186653855,0.9948210267738854,0.0011239270394608183
development-196,0.9983636419499867,0.001584480825725718,5.1877224287563665e-05
development-197,0.9989595076097537,0.00040272745463944113,0.0006377649356068795
development-198,0.7545047377208272,0.24488577778745585,0.0006094844917171279
development-199,0.6612585590315853,0.26973955219080875,0.06900188877760614
development-200,0.009149911314867023,0.5176326026868282,0.47321748599830477
development-201,0.1270744766289688,0.002502425183686003,0.8704230981873453
development-202,0.004913391407322369,0.9950751925301532,1.1416062524224136e-05
development-203,0.9998220743128539,0.00015855969559964677,1.9365991546424437e-05
development-204,0.013217318312733869,0.9867504211088874,3.226057837853582e-05
development-205,0.00034470936450792743,0.812157829756006,0.18749746087948602
development-206,0.9986644872693541,0.0001826364079409235,0.0011528763227050143
development-207,0.0001285922820294232,0.9979198402572418,0.0019515674607286457
development-208,0.38222691490588206,0.41551006533806895,0.20226301975604902
development-209,0.018493173021572242,0.9813945284223128,0.00011229855611516172
development-210,0.0011555714923796978,0.9977205829576906,0.0011238455499296177
development-211,0.0001107217178805494,0.999884367735396,4.9105467235348895e-06
development-212,0.7128866348466641,0.2665598802303835,0.020553484922952385
development-213,0.1309131518960874,0.8690507713756228,3.607672828960266e-05
development-214,0.988810034370526,0.0005868159228175252,0.010603149706656574
development-215,1.1894687637132058e-05,0.9999216607758782,6.644453648455134e-05
development-216,0.17687856249660952,0.8221335458609761,0.0009878916424143306
development-217,0.8807888943711172,0.002616540760271628,0.1165945648686112
development-218,0.02188819813341849,0.8106783453412916,0.16743345652528996
development-219,0.30824134870588205,0.6913753933729324,0.00038325792118553813
development-220,0.04172874303831642,0.9573680758357043,0.0009031811259791911
development-221,0.22664982112265986,0.7722120566934756,0.0011381221838645723
development-222,0.9938697462007277,0.006050685191324764,7.95686079476448e-05
development-223,0.9947859039312094,0.0044966533285278505,0.0007174427402628784
development-224,0.008840692238368253,0.9872426080063418,0.003916699755290081
development-225,0.9999140930714326,2.024398528075277e-05,6.566294328659477e-05
development-226,0.9999511087610767,1.0989519690400195e-05,3.79017192327357e-05
development-227,0.01550504263786692,0.4240187238725657,0.5604762334895674
development-228,0.5267108397287501,0.039884192224778056,0.4334049680464719
development-229,0.00018873275079593396,0.9997900915847623,2.117566444178963e-05
development-230,0.023507332389883374,0.9596168845483493,0.016875783061767378
development-231,0.15593369414836644,0.6530403376127143,0.19102596823891915
development-232,0.9472235271125222,0.04928921845876206,0.003487254428715727
development-233,0.9970488196295367,2.1688620801413036e-05,0.0029294917496619165
development-234,0.0385077522550213,0.44778038963351346,0.5137118581114652
development-235,0.9038560568292117,0.043524925976553344,0.052619017194234924
development-236,0.0066684193625876935,0.9579979599066627,0.03533362073074946
development-237,0.001590307789885652,0.9902652663646517,0.00814442584546271
development-238,0.08263776022203964,0.9150567585717714,0.002305481206188919
development-239,0.9997183339674428,0.0002785723001587627,3.0937323984200607e-06
development-240,0.0008705212602593969,0.046430290793187785,0.9526991879465527
development-241,7.792143406387743e-05,0.9998033007566913,0.00011877780924492056
development-242,0.6222867850968289,0.37060454857276287,0.007108666330408361
development-243,0.037523860082836265,0.34395312639210757,0.6185230135250562
development-244,0.9995650035295948,0.00017477233701648266,0.0002602241333886479
development-245,0.0033278038462734023,0.9252528969276601,0.07141929922606643
development-246,0.003900784010148975,0.995841393441576,0.00025782254827521445
development-247,0.43651349575212295,0.34289769316490937,0.2205888110829678
development-248,0.04867469598661532,0.8308709417279196,0.12045436228546492
development-249,0.9776540611597413,0.020523541385717926,0.001822397454540803
development-250,0.17201146430226974,0.8271794812490262,0.0008090544487041156
development-251,0.003253048880106395,0.9948428265004879,0.0019041246194056944
development-252,0.860605313978851,0.13917213026476583,0.00022255575638323758
development-253,0.9970418960950398,0.0006047479297050161,0.002353355975255149
development-254,0.9666740892652673,0.029863053906717445,0.0034628568280152547
development-255,0.00022305094830345215,0.0073311039023127005,0.9924458451493838
development-256,0.9974679516348723,0.002526159887481538,5.888477646070328e-06
development-257,0.10826427805945416,0.007527497688790379,0.8842082242517555
development-258,0.08437975979476427,0.914618304785061,0.0010019354201746635
development-259,0.9688663114777353,0.019305194913014728,0.01182849360925
development-260,0.0003791103642695863,0.9995524867932907,6.840284243990184e-05
development-261,0.9487525910844908,0.05112440477970619,0.00012300413580302937
development-262,0.1261737285663415,0.8714438375028164,0.002382433930842241
development-263,0.00041924876856164883,0.9995638066062575,1.6944625180793672e-05
development-264,0.9032484752994495,0.09498905188994536,0.0017624728106052675
development-265,0.9882395823777174,0.01163092580339366,0.00012949181888904205
development-266,0.9999615020436048,3.250333079186148e-05,5.994625603258089e-06
development-267,0.001395688496414763,0.9982429209283722,0.00036139057521311326
development-268,0.5250405936879141,0.34319192896341744,0.13176747734866834
development-269,0.4786093151967046,0.24990057748735245,0.27149010731594286
development-270,8.493974766255073e-06,0.9999875093026183,3.9967226154064155e-06
development-271,0.9973746299195627,0.002328388716001507,0.00029698136443561654
development-272,0.34195025176117866,0.6580275334033201,2.2214835501178047e-05
development-273,0.0026324276850280856,0.9094565041332301,0.08791106818174185
development-274,0.9932053059134184,0.005098502631460797,0.0016961914551208701
development-275,0.004051747080454949,0.9953749269418238,0.0005733259777213076
development-276,0.004889474792917876,0.9950002558023774,0.00011026940470484253
development-277,0.7130089549837,0.2748823891011795,0.012108655915120533
development-278,0.6774470243145704,0.24144221908387276,0.08111075660155695
development-279,0.011832930817665354,0.985842434935578,0.002324634246756549
development-280,0.22670823251400088,0.02248812360192253,0.7508036438840766
development-281,0.0014616610711163623,0.9983052512276598,0.00023308770122394302
development-282,0.0050315889088595805,0.9464547808480726,0.048513630243067894
development-283,0.0014348037711880205,0.9984978174371844,6.737879162764662e-05
development-284,0.0002295803919936594,0.9996347267125192,0.0001356928954871529
development-285,0.9899725669806818,0.009320254554356026,0.0007071784649619473
development-286,0.9994788796373775,0.0002641764409505819,0.00025694392167206244
development-287,0.9950763964141339,0.0031497755560595357,0.0017738280298065826
development-288,1.753773021913341e-06,0.9999969429945569,1.303232421135061e-06
development-289,0.9971662219679296,0.0027148192918467775,0.00011895874022356336
development-290,0.030174753747837818,0.8591016783011186,0.11072356795104357
development-291,0.9637954820446446,0.03491956367538086,0.0012849542799747641
development-292,0.8552456470938331,0.1326934501360626,0.012060902770104283
development-293,2.7406175259904667e-05,0.998838536012507,0.0011340578122331683
development-294,0.9999857358299873,7.475649297283203e-06,6.788520715401354e-06
development-295,0.09315826850967576,0.5083858273737702,0.39845590411655396
development-296,0.002537148223599005,0.9962555765075948,0.001207275268806062
development-297,0.9996995759258545,0.00027954180261830874,2.088227152743718e-05
development-298,0.7171875661949106,0.2823273296859738,0.00048510411911553166
development-299,0.9947165998415429,0.004379022455733665,0.0009043777027232761
development-300,0.9810393783382397,0.013725496607733718,0.005235125054026485
development-301,0.00016571970335096145,0.9995904767812628,0.00024380351538616095
development-302,0.9407812096827736,0.05913085229726898,8.793801995741899e-05
development-303,0.016489732920189702,0.9320299359130936,0.05148033116671676
development-304,0.9697716760986875,0.029778972391035448,0.00044935151027721937
development-305,0.0003787490209106928,0.9991599316239751,0.00046131935511420477
development-306,0.012865209374355209,0.9868118471412852,0.00032294348435969955
development-307,0.9981800874811828,0.00047879507427362866,0.0013411174445436015
development-308,0.0006513045994142972,0.9973840206617535,0.0019646747388322654
development-309,0.013446883108976092,0.9863568682533536,0.00019624863767039348
development-310,0.998652178443081,0.0013096849691083133,3.813658781073348e-05
development-311,0.7344692880962947,0.0005231588980105149,0.26500755300569473
development-312,0.8449949307876881,0.1549928754416038,1.2193770708098427e-05
development-313,0.07408021047485289,0.9213418608274775,0.004577928697669502
development-314,0.9915459851269409,0.00843409401881199,1.9920854247151304e-05
development-315,0.4684258861280452,0.5305201702416608,0.0010539436302939857
development-316,0.9650209292017994,0.03484200951469336,0.00013706128350726729
development-317,0.8620387944665823,0.1379493948136981,1.1810719719702349e-05
development-318,0.994677486442436,0.004802608721288945,0.0005199048362749753
development-319,0.9989954779179777,0.00017402829888440782,0.0008304937831378341
development-320,0.9837939273010776,0.015744242230243136,0.000461830468679306
development-321,0.9993049301509769,0.0002876159091725313,0.00040745393985068665
development-322,0.001859074531788198,0.9981118585239448,2.9066944266999298e-05
development-323,0.9998663544785001,2.8073675443732775e-05,0.00010557184605607849
development-324,0.1221531395445508,0.8311327497696415,0.046714110685807796
development-325,0.0557338432848244,0.3853718908711584,0.5588942658440171
development-326,0.5404589055435808,0.45949240322498663,4.86912314325821e-05
development-327,0.9999830471920008,1.68027262137958e-05,1.5008178538479552e-07
development-328,0.8315779479557237,0.001711289175123498,0.16671076286915285
development-329,0.9821771275244686,0.009385303418643035,0.008437569056888446
development-330,0.9900533813105845,0.009861204240208187,8.541444920732167e-05
development-331,0.8921224782663923,0.10646725403566124,0.001410267697946405
development-332,0.0011678644365915463,0.9956476269130937,0.003184508650314836
development-333,0.9812965972521699,0.017596901825046644,0.0011065009227832587
development-334,0.9971092935326903,0.002825751094573654,6.495537273603749e-05
development-335,0.25196628354802086,0.7193212179838334,0.028712498468145768
development-336,0.0028247162316872394,0.9506046770680316,0.04657060670028116
development-337,0.16375560138934647,0.3190656979089631,0.5171787007016905
development-338,0.9989443482481092,0.0008380319379166106,0.0002176198139743203
development-339,0.9999519515081048,4.026579675581006e-05,7.782695139327564e-06
development-340,0.0018628282907051721,0.9950998577351126,0.0030373139741823344
development-341,0.254417743552499,0.7116141696133628,0.03396808683413814
development-342,0.29624394436042467,0.7029600073020544,0.0007960483375208584
development-343,0.9956420493421699,0.0012817513843774997,0.003076199273452488
development-344,0.00013065508856054836,0.9998614164565702,7.928454869292029e-06
development-345,0.0034907169774499908,0.9963167820064236,0.00019250101612642976
development-346,0.37738338731364074,0.5722446210984953,0.050371991587863985
development-347,0.9665591862550281,0.0019740357771062195,0.03146677796786549
development-348,0.45761573239661757,0.1411571120631629,0.4012271555402195
development-349,0.8565206626557259,0.04626707396281452,0.09721226338145943
development-350,0.009398194916114109,0.0040538941964019595,0.9865479108874838
development-351,0.3811669019640747,0.021285603490646027,0.5975474945452793
development-352,0.9689006210942359,0.031026487274263225,7.289163150092933e-05
development-353,0.05939532172237943,0.15855341742013568,0.7820512608574849
development-354,0.004818118196996767,0.9897203834300794,0.005461498372923847
development-355,0.5283413339426046,0.4201992822369284,0.05145938382046706
development-356,0.7562347686750801,0.18931550019254292,0.05444973113237712
development-357,0.9349679901889367,0.0064518854469329265,0.0585801243641304
development-358,0.19387687266381956,0.019346835799265,0.7867762915369154
development-359,0.0009447771610976492,0.9971141202740239,0.001941102564878467
development-360,0.9997398950965531,5.201992530148067e-05,0.00020808497814548852
development-361,0.7349357667055822,0.2214024015739868,0.043661831720431046
development-362,0.021087135773133793,0.9287628081855033,0.05015005604136281
development-363,2.951706003313329e-05,0.9999681590314861,2.3239084808587755e-06
development-364,0.999017057864596,0.00019173410734339984,0.0007912080280604956
development-365,0.9994562066117333,0.00023904157191179223,0.0003047518163549229
development-366,0.6352914999503569,0.3594976786953059,0.005210821354337124
development-367,0.6143495620706653,0.38333315619337793,0.002317281735956803
development-368,0.9998948851209095,4.110572840569005e-05,6.400915068492148e-05
development-369,0.005975808903337162,0.9938073702080786,0.00021682088858426178
development-370,0.4974058806287393,0.47325941015899897,0.029334709212261664
development-371,0.8746286816625102,0.11626272599579564,0.009108592341693993
development-372,0.05656945871490984,0.9358360463493445,0.007594494935745541
development-373,0.9082326981068656,0.01407086968848993,0.0776964322046445
development-374,0.00017341193436388086,0.9996736827262107,0.0001529053394256159
development-375,1.101770575897281e-05,0.08555739716883465,0.9144315851254063
development-376,1.5326992438925625e-05,0.9999722370688872,1.2435938673866773e-05
development-377,0.00011822388821770354,0.002943427182949749,0.9969383489288325
development-378,0.010703240514252818,0.9857166471422989,0.0035801123434481765
development-379,0.0002659518283479514,0.9997339966034414,5.156821068022159e-08
development-380,0.986856218255901,0.0039019222562759383,0.009241859487823162
development-381,0.4686231444331092,0.22307575075754693,0.308301104809344
development-382,0.0016993429972858545,0.9980866616285751,0.00021399537413906527
development-383,0.9998575548237271,3.183411960439105e-05,0.00011061105666856713
development-384,0.11948664884726991,0.8784086300022724,0.002104721150457721
development-385,0.00026063534369542276,0.9958257271255823,0.003913637530722302
development-386,0.3264082643213421,0.629796298612192,0.043795437066465825
development-387,0.9971232578066291,6.704346263978724e-05,0.0028096987307310783
development-388,0.007240287067289965,0.9927492166848814,1.04962478286272e-05
development-389,0.9999698740992163,4.886524338574484e-06,2.523937644506619e-05
development-390,0.018172015544148216,0.9817066712847279,0.0001213131711239309
development-391,0.9977446089537325,0.00225459576591071,7.952803568303034e-07
development-392,0.3637622481840477,0.6360037056827028,0.00023404613324945356
development-393,0.13868515490264466,0.8584804156453307,0.002834429452024444
development-394,0.0008796449512504251,0.9990700471415017,5.030790724787054e-05
development-395,0.40865377070976133,0.10820965154669128,0.4831365777435474
development-396,0.00017692289475961868,0.9997917676805508,3.13094246895859e-05
development-397,0.6769567451499777,0.2712222328145284,0.05182102203549383
development-398,0.005031530926111364,0.6745269811835466,0.320441487890342
development-399,0.9941646782021423,0.00020876321409176888,0.005626558583765971
development-400,0.19101750697018052,0.6110216749381068,0.19796081809171276
development-401,0.3259852404209369,0.6716336573143356,0.0023811022647274053
development-402,0.005786415732836542,0.9708673605804528,0.023346223686710764
development-403,0.026488610232311298,0.9554153765731039,0.018096013194584835
development-404,0.9930429165824034,5.945246425631965e-05,0.0068976309533404
development-405,9.988398054096956e-06,0.03587177568100028,0.9641182359209456
development-406,0.5976285585156258,0.028587727660613703,0.3737837138237605
development-407,0.034977049302521414,0.9621609833998588,0.002861967297619782
development-408,0.9977920667106577,0.0020770133288068697,0.0001309199605355766
development-409,0.9941169837483327,0.003381151381347577,0.002501864870319763
development-410,0.9784649023948119,0.021523871338406875,1.1226266781317214e-05
development-411,0.9947879916312744,0.00020644109901879913,0.005005567269706706
development-412,0.9999995908810382,2.593499071940273e-07,1.4976905468040506e-07
development-413,0.383892657436514,0.13243045763536726,0.4836768849281187
development-414,0.9992551871496426,0.0003494929263048944,0.0003953199240525174
development-415,0.000425133634614098,0.9991888183999688,0.0003860479654172784
development-416,0.003779364089027588,0.9936742857776335,0.0025463501333387673
development-417,0.9995097986647491,0.00018674970250535223,0.00030345163274560265
development-418,0.8767017614465107,0.10587030554569309,0.017427933007796083
development-419,0.8537608489191312,0.14497542185676285,0.0012637292241057944
development-420,0.9925246847758007,0.007326214657696716,0.00014910056650271588
development-421,0.9985531414662846,0.0001828532403361484,0.0012640052933791037
development-422,0.9962192262005236,0.0013862016512403374,0.0023945721482360243
development-423,0.9944189343510412,0.005458968063669593,0.00012209758528923046
development-424,0.37348571847267337,0.6072710995525457,0.01924318197478095
development-425,0.999315840815355,0.00023419807034137538,0.00044996111430374976
development-426,0.0016247339137164818,0.9982595553448849,0.00011571074139848396
development-427,0.08933451067864523,0.42389549653095104,0.48676999279040367
development-428,0.997411959268316,0.0012270405598364088,0.0013610001718477027
development-429,0.8145081985559628,0.18100950159601795,0.004482299848019367
development-430,0.2553128902948858,0.7273061613081405,0.01738094839697381
development-431,1.6956224576981213e-05,0.9964115267048455,0.0035715170705774286
development-432,0.011176575021248587,0.985696275709905,0.003127149268846272
development-433,0.9542243666826686,0.0456257349137463,0.00014989840358495518
development-434,0.989064445574686,0.010002570069674277,0.0009329843556396404
development-435,0.0005042335908254876,0.9994741719283812,2.1594480793457453e-05
development-436,0.003718096750724854,0.9064068983747815,0.08987500487449353
development-437,0.9998256411426821,0.00015491456030799992,1.9444297009836476e-05
development-438,0.5248164509165635,0.4670136068478243,0.008169942235612272
development-439,0.3557846835686741,0.6415601883925593,0.002655128038766458
development-440,0.0007753743949490935,0.999218351593608,6.274011442875954e-06
development-441,0.9710057923476353,0.02663869600399058,0.0023555116483740812
development-442,0.005179259976814325,0.9276933463076116,0.06712739371557404
development-443,0.2560878961517535,0.6335683712361727,0.11034373261207374
development-444,0.22509950765333256,0.6344642963658272,0.14043619598084026
development-445,0.02239294430031709,0.9770667061875246,0.0005403495121581639
development-446,0.27552825893291233,0.7062411825052689,0.018230558561818905
development-447,0.9999763016446751,2.0190849220754127e-05,3.5075061041645836e-06
development-448,0.00014151265108828986,0.6615580424279698,0.33830044492094197
development-449,0.05222901066649205,0.9476720008248471,9.898850866077921e-05
development-450,0.9024682427067321,0.09671976842726725,0.000811988866000631
development-451,0.00024260075298872485,0.999735867749037,2.1531497974209683e-05
development-452,0.919038672918902,0.07818236032041838,0.0027789667606796463
development-453,0.9945602644068122,9.140899323233307e-05,0.005348326599955295
development-454,0.11653644697097135,0.8818138523523967,0.0016497006766319072
development-455,0.9807381625064319,0.006483181559944084,0.01277865593362413
development-456,0.016170972886905364,0.8927624036597356,0.0910666234533592
development-457,0.17291273956719294,0.8255559401817955,0.0015313202510115701
development-458,0.0074998781203138715,0.8682173484769373,0.12428277340274867
development-459,0.07333130123239466,0.9265162239576604,0.00015247480994497452
development-460,0.9453124839625711,0.05044548900719537,0.004242027030233669
development-461,8.16247645496747e-05,0.9999157618718234,2.613363626880216e-06
development-462,0.9997246049742067,9.370234932194056e-05,0.0001816926764715525
development-463,0.013554299928472143,0.9775332712741847,0.008912428797343335
development-464,0.047818545176056666,0.9415452049535951,0.010636249870348299
development-465,0.9041879832270532,0.0927803956717464,0.003031621101200273
development-466,0.92666331369929,0.07001573049110651,0.0033209558096035183
development-467,0.9912557671351515,0.0005782942740769833,0.008165938590771422
development-468,0.00459906775613183,0.44779369293144566,0.5476072393124225
development-469,0.9886063750949524,0.008117211219577654,0.00327641368546984
development-470,0.002612632507836918,0.974708153939089,0.022679213553073996
development-471,0.9247439586170972,0.03572921518833016,0.039526826194572595
development-472,0.9993815073512817,2.6659775392391516e-06,0.0006158266711789896
development-473,0.004200751882480192,0.9954578758050859,0.0003413723124338256
development-474,0.003133273914678061,0.45660998579430845,0.5402567402910136
development-475,0.0005066337185972671,0.9992166149225741,0.0002767513588285257
development-476,0.0021227412568862766,0.9942869493876643,0.003590309355449476
development-477,0.0009872873317500503,0.996655358225369,0.002357354442880983
development-478,0.08407823809734648,0.9095818812976666,0.006339880604986926
development-479,0.06611870618516864,0.1794969334366409,0.7543843603781905
development-480,0.9999157844035514,8.358457804512505e-05,6.310184033025139e-07
development-481,0.0015087769153027842,0.9975332237071097,0.0009579993775873986
development-482,0.9985976164573773,0.0002948444403921864,0.0011075391022306643
development-483,0.9960805105245497,0.0008062527825997489,0.003113236692850684
development-484,0.9992582838210274,0.0006492779720984403,9.243820687417293e-05
development-485,0.9967377951153965,0.0024505558957343657,0.0008116489888692687
development-486,0.9909235829852834,0.004906960253545831,0.004169456761170701
development-487,0.6717363374753919,0.3207088293161864,0.007554833208421706
development-488,0.5737081291500717,0.39855126057513796,0.027740610274790266
development-489,0.9871080543280115,0.01109284098757292,0.0017991046844155931
development-490,0.0013270013999995861,0.9986147132689085,5.828533109200265e-05
development-491,0.9735313172583085,0.026436629403002017,3.205333868944177e-05
development-492,0.9816959195312258,0.01829531579971609,8.764669058076027e-06
development-493,0.33858291903171206,0.6017554754918646,0.059661605476423324
development-494,0.0002105462675707458,0.9975897817291968,0.002199672003232387
development-495,5.890962679959113e-07,0.9873851073345328,0.012614303569199282
development-496,0.1692394757864167,0.8300526200768193,0.0007079041367640327
development-497,0.0021001517053055026,0.9977588414383606,0.0001410068563338253
development-498,0.02761752307656731,0.9722663373911395,0.00011613953229290318
development-499,0.00028782879640854427,0.9990165945673997,0.0006955766361917997
development-500,0.9818758732275759,0.01734023003211813,0.0007838967403060203
development-501,0.04558376202851823,0.038671165469444595,0.9157450725020372
development-502,0.8760893339492871,0.10944094528237243,0.01446972076834039
development-503,0.990811425164954,0.009114529786787411,7.404504825854066e-05
development-504,0.01119135134756524,0.9888027087875564,5.939864878242978e-06
development-505,0.9993041596639521,0.0001347182407752918,0.0005611220952726183
development-506,0.9775491872146178,0.022430444517856973,2.036826752522811e-05
development-507,0.5055378268048214,0.4942083179636749,0.00025385523150360035
development-508,0.9947535024773297,0.0035422170428697037,0.0017042804798004805
development-509,2.6067113576389207e-06,0.9999530363860251,4.435690261735466e-05
development-510,0.19737675144995714,0.7899936453834818,0.012629603166561015
development-511,0.9967961138780833,0.0031701632950634803,3.372282685315865e-05
development-512,0.9989055320729693,0.0008149214483230822,0.00027954647870763287
development-513,0.9996098619112518,0.0002980197554339362,9.211833331417962e-05
development-514,0.08108408661726352,0.04407508661025873,0.8748408267724777
development-515,0.9415552499482297,0.05553501623455221,0.0029097338172180682
development-516,0.00026295861384138623,0.9997364254763249,6.159098335613005e-07
development-517,2.2284130748190126e-06,0.9971102606079199,0.0028875109790055227
development-518,0.026786727274941243,0.6548934837694902,0.31831978895556867
