ID,A,B,NEITHER
development-1,0.8437653677418484,0.06909692119568747,0.08713771106246426
development-2,0.7871441516470884,0.17570221497489294,0.037153633378018344
development-3,0.028959642844976576,0.9600983769596639,0.010941980195359613
development-4,0.23567927815016568,0.6538975957087,0.11042312614113438
development-5,0.04962482188671339,0.8852799662502605,0.0650952118630263
development-6,0.9794641684042661,0.014058488636897055,0.00647734295883674
development-7,0.5590772503487142,0.21080487718166988,0.23011787246961565
development-8,0.09721357977521976,0.8140359084468892,0.08875051177789116
development-9,0.16449096522545445,0.75340897238793,0.08210006238661582
development-10,0.4764548459431206,0.4894245276042506,0.03412062645262874
development-11,0.07669155047583205,0.5473103919683979,0.3759980575557698
development-12,0.8034211086697925,0.15634476881732792,0.040234122512879264
development-13,0.5985046843329542,0.39311132698470264,0.008383988682342991
development-14,0.6105521245799228,0.3118451860848616,0.07760268933521548
development-15,0.09290153777939399,0.8925846631832763,0.014513799037329628
development-16,0.28554308518021143,0.669227790230071,0.04522912458971752
development-17,0.7196574732071434,0.24466119897410235,0.035681327818754556
development-18,0.4933809636865344,0.13096427840154648,0.37565475791191905
development-19,0.3445826073959025,0.39229227449294746,0.2631251181111499
development-20,0.4431103768832675,0.42213349523103544,0.13475612788569682
development-21,0.10016981691749084,0.8597819998665404,0.040048183215968876
development-22,0.9603299889522601,0.02265737616200433,0.01701263488573562
development-23,0.884288767797885,0.10224532761144728,0.013465904590667679
development-24,0.07797704244329115,0.8956462689154403,0.02637668864126839
development-25,0.941161327207333,0.027325955625220895,0.03151271716744606
development-26,0.08751599151925435,0.8894511823808887,0.0230328260998571
development-27,0.18739817081517557,0.60663245937073,0.2059693698140943
development-28,0.8130053584629258,0.13171189506826375,0.055282746468810665
development-29,0.29984547526004335,0.5863068806387078,0.1138476441012489
development-30,0.8748445972516575,0.09781868473400883,0.02733671801433334
development-31,0.7512463077243868,0.22463473986891222,0.024118952406701144
development-32,0.4180696604480347,0.10474136978371926,0.4771889697682459
development-33,0.017750566264131646,0.9668470754964754,0.015402358239392865
development-34,0.17526544804005428,0.034722001330721085,0.7900125506292245
development-35,0.7550816613449151,0.21888737590675397,0.02603096274833084
development-36,0.6643430279392984,0.20950714319136182,0.12614982886933976
development-37,0.08827093873007819,0.8826145927554682,0.02911446851445362
development-38,0.6124633252392137,0.16638171139227023,0.22115496336851576
development-39,0.9342284908100199,0.05013745880728078,0.015634050382699084
development-40,0.9714571871024699,0.023496137258249287,0.005046675639280918
development-41,0.4422342138025391,0.269585351248872,0.2881804349485889
development-42,0.8359614922379104,0.1181836021123366,0.045854905649753086
development-43,0.005496065060643785,0.9891787917255533,0.005325143213802948
development-44,0.15990433935074852,0.7541389580532006,0.08595670259605072
development-45,0.4735537601174651,0.36231990400434994,0.1641263358781852
development-46,0.3007006744354609,0.5503558138607466,0.1489435117037919
development-47,0.586051518312889,0.19789409018434234,0.21605439150276856
development-48,0.18394283488944563,0.49005716672028815,0.3259999983902663
development-49,0.9528474499104488,0.03155276906844065,0.015599781021110575
development-50,0.12242125027415787,0.35918744447010603,0.5183913052557358
development-51,0.2711734413388941,0.5290514701733985,0.19977508848770748
development-52,0.22818879366542294,0.585957762239238,0.18585344409533883
development-53,0.11973917336456145,0.846483309633271,0.033777517002167426
development-54,0.22875375615128518,0.6246197376924175,0.1466265061562972
development-55,0.1570493700983721,0.6734690789518791,0.1694815509497486
development-56,0.06603722552524385,0.27841234388670816,0.6555504305880482
development-57,0.22831502166654832,0.59403754978286,0.17764742855059165
development-58,0.6238995946363496,0.3033383808990888,0.07276202446456165
development-59,0.9443659520602037,0.051345781754632495,0.004288266185163785
development-60,0.923485971508908,0.02417112969997481,0.05234289879111733
development-61,0.05359161092193072,0.8958757352304477,0.050532653847621505
development-62,0.6247117198019957,0.35987600174842954,0.015412278449574813
development-63,0.13412600996778165,0.8416905468309408,0.02418344320127739
development-64,0.033013980781437545,0.7782669701984964,0.1887190490200661
development-65,0.5378922144731664,0.2761672521368348,0.18594053338999877
development-66,0.16310535065934287,0.6049633325090532,0.23193131683160403
development-67,0.9333743326032414,0.04268796094558383,0.02393770645117488
development-68,0.6263975508366991,0.19082508411574828,0.18277736504755251
development-69,0.0794076365754402,0.8622279956840772,0.0583643677404823
development-70,0.861623341142064,0.05449910938313823,0.08387754947479782
development-71,0.4328187812495046,0.5291781069147192,0.038003111835776295
development-72,0.6584006546171246,0.19677315804036394,0.1448261873425115
development-73,0.09973612559215943,0.7419254173062984,0.15833845710154207
development-74,0.9375913994672668,0.01455927703137214,0.04784932350136089
development-75,0.6596168928160141,0.3229461468108074,0.017436960373178302
development-76,0.7227014596303015,0.0314548990305133,0.24584364133918526
development-77,0.5186300576796424,0.4666340289125535,0.0147359134078042
development-78,0.05063151618893214,0.681983960791318,0.2673845230197498
development-79,0.8220860797891851,0.17490259464614294,0.0030113255646720084
development-80,0.0760698112833849,0.9065217646161383,0.01740842410047663
development-81,0.05770112540143909,0.11205661680018295,0.8302422577983779
development-82,0.4809715636665912,0.3349822346684711,0.18404620166493763
development-83,0.7245919798006512,0.2702314335651233,0.005176586634225376
development-84,0.16407709197382428,0.4978594874873034,0.33806342053887234
development-85,0.5640081996380935,0.14909201033678496,0.28689979002512156
development-86,0.8795160879594452,0.097237753423038,0.02324615861751663
development-87,0.45998662314463157,0.4489628507063714,0.09105052614899692
development-88,0.5444628921740445,0.43035095513642346,0.025186152689532053
development-89,0.3397847660752548,0.5902645333055752,0.06995070061917001
development-90,0.7405340986369149,0.21102508553886343,0.048440815824221474
development-91,0.05004325453906808,0.845199082491374,0.10475766296955792
development-92,0.1359201113904784,0.6811622101539602,0.18291767845556156
development-93,0.3523623724078974,0.1913053219934685,0.4563323055986342
development-94,0.9243420934386227,0.060299046185803604,0.015358860375573786
development-95,0.6961877452559967,0.29013155140469676,0.013680703339306663
development-96,0.8126656107180509,0.15356227973573658,0.03377210954621266
development-97,0.07571207292308225,0.8314370902760301,0.09285083680088771
development-98,0.28351773858959434,0.41060107910224186,0.3058811823081637
development-99,0.20858833656984715,0.6770790824649258,0.11433258096522694
development-100,0.18369595567995112,0.19784254619499417,0.6184614981250548
development-101,0.6011974831259329,0.25881180915445473,0.13999070771961217
development-102,0.3601547629998648,0.4969157993276966,0.14292943767243832
development-103,0.05235619739020612,0.928811038124092,0.018832764485701863
development-104,0.8588319462453254,0.11534904307183422,0.025819010682840402
development-105,0.7511752707691848,0.2434457128182147,0.005379016412600603
development-106,0.8523631413116818,0.1161598454335242,0.031477013254793955
development-107,0.869219619771431,0.10977884275455974,0.021001537474009412
development-108,0.32067451441302103,0.5333740132715643,0.14595147231541475
development-109,0.9710922079160097,0.018125177844888325,0.010782614239102092
development-110,0.31737938436077834,0.6603708779448357,0.02224973769438599
development-111,0.9045695529205128,0.06530508744131944,0.03012535963816782
development-112,0.9284882297667513,0.04889536992191321,0.022616400311335418
development-113,0.08204713463519099,0.5600443804622202,0.3579084849025889
development-114,0.021790139512245395,0.8563468821583624,0.12186297832939212
development-115,0.417361061483702,0.48668798226575455,0.09595095625054359
development-116,0.04106332321566578,0.9417744629811614,0.01716221380317286
development-117,0.9785882919437122,0.01766945258964705,0.003742255466640641
development-118,0.9211841606655443,0.07307944564030897,0.005736393694146651
development-119,0.5209357771733999,0.3283867089978444,0.15067751382875555
development-120,0.961889185690625,0.02591467571307852,0.01219613859629641
development-121,0.3516482610714771,0.5090748768844089,0.13927686204411385
development-122,0.0806870068618406,0.40315237145664856,0.5161606216815109
development-123,0.16731088350174692,0.576362969580959,0.25632614691729416
development-124,0.8959819250664207,0.09873926560525512,0.005278809328323962
development-125,0.05872883745584396,0.6997866728297714,0.24148448971438444
development-126,0.195471992978892,0.61337656285548,0.19115144416562807
development-127,0.06248963737646152,0.8872330981021511,0.050277264521387394
development-128,0.06960081911887514,0.9195983442541722,0.010800836626952725
development-129,0.6927253377913172,0.15728035495236017,0.14999430725632243
development-130,0.7937202120231635,0.19614253556492106,0.010137252411915558
development-131,0.28355710825724056,0.6368009168678171,0.0796419748749424
development-132,0.7312931536199858,0.2491498302132551,0.019557016166759082
development-133,0.9278677820717973,0.050412926304541875,0.021719291623661027
development-134,0.5822851813859463,0.1920041570780963,0.22571066153595776
development-135,0.0028643547764222333,0.9950068938854498,0.0021287513381277774
development-136,0.9576075605598698,0.023455546147567063,0.01893689329256329
development-137,0.8551328428128927,0.032995980527896956,0.11187117665921023
development-138,0.8190719581599633,0.10500900886017832,0.07591903297985841
development-139,0.7870752248341406,0.16724886734551386,0.04567590782034563
development-140,0.0811327881967256,0.8596552115616815,0.05921200024159289
development-141,0.8011119580169151,0.1943098359183436,0.004578206064741088
development-142,0.2968264096929973,0.6269515723446577,0.07622201796234528
development-143,0.8976961726054951,0.06772838991781957,0.034575437476685456
development-144,0.3766128422501484,0.5442272332846965,0.07915992446515523
development-145,0.8462775540445912,0.053652845745498064,0.10006960020991103
development-146,0.590799877498437,0.24945814350799478,0.15974197899356837
development-147,0.05579692768704399,0.8850267968031257,0.059176275509830435
development-148,0.6440155966744378,0.23217558895645482,0.12380881436910723
development-149,0.08466278690115801,0.8345295387452167,0.08080767435362539
development-150,0.3027966046025064,0.6209002615567091,0.07630313384078442
development-151,0.9568177031606175,0.013663446820055221,0.02951885001932745
development-152,0.10874352889820425,0.8297356197946905,0.06152085130710564
development-153,0.9785388645796292,0.011072048828878286,0.010389086591492583
development-154,0.016224308166069918,0.9714283120061113,0.012347379827818673
development-155,0.48737060914420793,0.08312195906887314,0.4295074317869192
development-156,0.8537847156972387,0.0818445711968787,0.06437071310588265
development-157,0.07622521370144211,0.9137040186049816,0.010070767693576203
development-158,0.9775871674848219,0.01617765498490409,0.00623517753027419
development-159,0.9103509303358364,0.04466876018635033,0.04498030947781342
development-160,0.8603694846514034,0.09561383870885819,0.044016676639738295
development-161,0.6627798873279739,0.3172096273962514,0.020010485275774554
development-162,0.1868837385803887,0.7679333230211725,0.045182938398438836
development-163,0.7543040232635434,0.2290812817516644,0.016614694984792417
development-164,0.9503539531351511,0.03094747041913477,0.018698576445714224
development-165,0.11352951152918121,0.8394690665881015,0.04700142188271731
development-166,0.32054931596602076,0.4891035450073835,0.1903471390265961
development-167,0.9939707208608317,0.0019378196453245797,0.004091459493843621
development-168,0.13675851099966824,0.82614288872418,0.03709860027615188
development-169,0.07934024049125359,0.8993326087723752,0.021327150736371113
development-170,0.8432249793614646,0.10307529373111834,0.05369972690741707
development-171,0.35479088431936673,0.22953689833723523,0.4156722173433979
development-172,0.7543450953267197,0.21066937394245247,0.03498553073082766
development-173,0.9352117523048487,0.03348620721859666,0.0313020404765542
development-174,0.941858321160401,0.04094978907403947,0.017191889765559455
development-175,0.6811148984817148,0.2098197257111853,0.1090653758070998
development-176,0.3479314090129343,0.6101434259775227,0.041925165009543075
development-177,0.2430190341773827,0.7226503662373039,0.034330599585313384
development-178,0.06953766070383001,0.8921605243876135,0.03830181490855652
development-179,0.14445452594471192,0.08430722270359527,0.7712382513516928
development-180,0.7020768161010233,0.1288092081483614,0.1691139757506153
development-181,0.1394677374086055,0.07049736504920597,0.7900348975421884
development-182,0.9570162939860469,0.022364354329830336,0.02061935168412275
development-183,0.3397881585996582,0.6367236733217202,0.023488168078621568
development-184,0.3619950326763603,0.5342750007703131,0.10372996655332652
development-185,0.8644223902246017,0.023201816852623357,0.1123757929227747
development-186,0.798749490635248,0.14431036450386747,0.05694014486088437
development-187,0.4466811887695013,0.5173092391297266,0.0360095721007721
development-188,0.06960371030198721,0.8936066086110385,0.03678968108697435
development-189,0.7441822661071568,0.19107978467473777,0.06473794921810523
development-190,0.8793813335046771,0.10916994335409422,0.011448723141228597
development-191,0.7372697312777645,0.20256104880521178,0.06016921991702374
development-192,0.5999698222309294,0.3824226684603165,0.017607509308754068
development-193,0.055903358058826375,0.86604218427985,0.07805445766132363
development-194,0.8698275815361429,0.1070800711653869,0.023092347298469932
development-195,0.12178351233367014,0.8599249270432265,0.018291560623103168
development-196,0.9654043530965866,0.030263305240729444,0.004332341662683889
development-197,0.7639662432317823,0.17883131628122098,0.05720244048699675
development-198,0.33982074338518353,0.6410012349353746,0.019178021679441853
development-199,0.6920005929887195,0.102934519649443,0.20506488736183742
development-200,0.23658004193704182,0.4013023286798921,0.3621176293830661
development-201,0.19120798457168495,0.15771957598438918,0.6510724394439258
development-202,0.31499344761056974,0.6736359489258457,0.011370603463584858
development-203,0.943579829657303,0.0240492983287458,0.0323708720139513
development-204,0.09437363785206411,0.8775369654025258,0.02808939674541004
development-205,0.10414779912765448,0.8755058457202909,0.02034635515205456
development-206,0.896915358015462,0.05726723316734621,0.045817408817191874
development-207,0.03440736628952644,0.9267060678217484,0.03888656588872531
development-208,0.798886227541329,0.14850005273713998,0.052613719721531435
development-209,0.32533253953809743,0.6480666290569679,0.026600831404934605
development-210,0.10099202306118485,0.8806658775939886,0.01834209934482653
development-211,0.032679743717196216,0.9631756391400134,0.004144617142790408
development-212,0.17996304736795754,0.8088662284501162,0.011170724181926215
development-213,0.45795367021438105,0.526275821997808,0.01577050778781108
development-214,0.7261843698260017,0.09734772600409546,0.1764679041699026
development-215,0.05227520010721668,0.8938533756214789,0.05387142427130446
development-216,0.45289195891845996,0.5237186190921828,0.02338942198935752
development-217,0.7881801889683495,0.13726242343973444,0.07455738759191584
development-218,0.06948688514885823,0.5177773076791334,0.4127358071720085
development-219,0.20743002692618123,0.786019004220419,0.006550968853399916
development-220,0.06710912905782951,0.9113903249816895,0.02150054596048109
development-221,0.14193472720218556,0.8508626415318653,0.007202631265949094
development-222,0.9821641275418542,0.009278090937571001,0.008557781520574374
development-223,0.6864966677704807,0.2992035938914874,0.014299738338031774
development-224,0.5703514879496226,0.3333358968467719,0.09631261520360557
development-225,0.9674076589938732,0.011272227643977546,0.021320113362149208
development-226,0.9463374621280327,0.03222852964706189,0.02143400822490566
development-227,0.19376191232889095,0.3105402166036611,0.4956978710674479
development-228,0.5104697134969437,0.2525950076265306,0.23693527887652546
development-229,0.009063665666157544,0.983960304872923,0.006976029460919772
development-230,0.1039609419196026,0.8543200136992257,0.04171904438117164
development-231,0.04569918293784642,0.9331089421253687,0.021191874936784868
development-232,0.2627903209086751,0.5167582340522112,0.22045144503911343
development-233,0.7234256762678641,0.1020829244017203,0.17449139933041563
development-234,0.4261366104431507,0.2942979717183641,0.2795654178384854
development-235,0.7252247941929861,0.143881523057199,0.13089368274981472
development-236,0.10116451455961013,0.8686010375567974,0.030234447883592516
development-237,0.08480860113967512,0.8966608057553473,0.018530593104977722
development-238,0.23284257686207419,0.6613906670025729,0.10576675613535315
development-239,0.9813345372316533,0.01035808568581563,0.008307377082531077
development-240,0.33311797988836533,0.18844445735173795,0.4784375627598967
development-241,0.022875777643073896,0.9504104806946693,0.026713741662256853
development-242,0.9004080245636965,0.08480734320077622,0.014784632235526928
development-243,0.08466847218865906,0.6000505116022422,0.3152810162090986
development-244,0.9625265582071285,0.013596496308794002,0.023876945484077483
development-245,0.22999699211654306,0.572739759036371,0.19726324884708604
development-246,0.03365473663040723,0.9475749868675025,0.018770276502090153
development-247,0.4924109757444638,0.13672265358500946,0.3708663706705266
development-248,0.4271499828977646,0.41270971386711586,0.1601403032351196
development-249,0.8237769830376612,0.1170704393537579,0.059152577608580774
development-250,0.38068266676946083,0.5821728164195574,0.03714451681098181
development-251,0.12873109550130785,0.8307960441954466,0.04047286030324549
development-252,0.5181954467404846,0.45260274367214254,0.0292018095873729
development-253,0.8201438447709049,0.13620908074613808,0.043647074482956925
development-254,0.4686544223592799,0.4227647065970968,0.10858087104362298
development-255,0.044532815049057095,0.04680545533601103,0.9086617296149317
development-256,0.8607870917788472,0.130517351508116,0.00869555671303652
development-257,0.13984205545221284,0.029052335135017208,0.8311056094127697
development-258,0.4822412881112893,0.45991099385654843,0.05784771803216241
development-259,0.7218423645409995,0.13107479522365453,0.14708284023534623
development-260,0.05805676597633876,0.9356166545479825,0.00632657947567893
development-261,0.839686082651437,0.15570537015235894,0.00460854719620421
development-262,0.23786389419745488,0.6787992131985938,0.08333689260395115
development-263,0.03230403298619296,0.9434607733079008,0.02423519370590646
development-264,0.7405760953365254,0.20852735087097818,0.050896553792496343
development-265,0.517344614157499,0.4288070376668681,0.05384834817563287
development-266,0.9897865310977455,0.0020594072016538734,0.008154061700600528
development-267,0.22492020772812862,0.6115674873813971,0.16351230489047403
development-268,0.2816351623137262,0.15248514337815525,0.5658796943081182
development-269,0.26030399617694727,0.5493989372580474,0.19029706656500486
development-270,0.006980660236764768,0.970656775641759,0.022362564121476296
development-271,0.8971545601045781,0.06263669869747075,0.04020874119795141
development-272,0.20543032830134547,0.7845940726289474,0.009975599069707092
development-273,0.13798838623452658,0.4577115069887369,0.40430010677673645
development-274,0.781857127181645,0.19256233656319302,0.025580536255162035
development-275,0.10499478768367479,0.8505072368258896,0.04449797549043551
development-276,0.13243041032589617,0.8303138003290326,0.037255789345071344
development-277,0.7058554115749954,0.2648765667720685,0.02926802165293614
development-278,0.2134582181897475,0.4650554060765176,0.32148637573373506
development-279,0.07554144185386165,0.9126902594818455,0.01176829866429291
development-280,0.6196545455570182,0.1779217153615859,0.20242373908139566
development-281,0.1223234049405736,0.8623907620538984,0.01528583300552806
development-282,0.01931289861675252,0.9565889316514645,0.024098169731783126
development-283,0.13201638471596414,0.847733966404506,0.020249648879529663
development-284,0.018247021543107568,0.9677452482869141,0.014007730169978123
development-285,0.8667840879116181,0.11927795443203322,0.013937957656348723
development-286,0.5676077082832406,0.40269420385139665,0.029698087865362946
development-287,0.8938681590962525,0.07352766809986176,0.03260417280388573
development-288,0.059830444273513236,0.8660388790528487,0.07413067667363832
development-289,0.6156460105405805,0.15881545439417213,0.22553853506524707
development-290,0.06099456678349284,0.83833373360671,0.10067169960979722
development-291,0.9011684231030941,0.08624105368620867,0.012590523210697277
development-292,0.5006368828468554,0.2846858908854523,0.21467722626769226
development-293,0.07805190683216737,0.7945045116990839,0.1274435814687485
development-294,0.9918835592319964,0.0047833452884245295,0.0033330954795788765
development-295,0.11703162399421774,0.8235535412663147,0.059414834739467424
development-296,0.17766601467604834,0.7930292388850166,0.029304746438934916
development-297,0.9728551349396488,0.022232012672385525,0.004912852387965783
development-298,0.34881781930840694,0.6084090726642122,0.04277310802738069
development-299,0.8237270335232416,0.17015400361985145,0.006118962856906865
development-300,0.7155440979216118,0.17411954791167228,0.11033635416671614
development-301,0.08894534096385759,0.8536568798102274,0.0573977792259153
development-302,0.49825690473917705,0.4907166756224067,0.011026419638416171
development-303,0.06882141523952234,0.9048637613247283,0.026314823435749257
development-304,0.7860152001246322,0.20289477483324675,0.011090025042120885
development-305,0.07855182164626498,0.8794702129272373,0.04197796542649773
development-306,0.15676416745101718,0.6598114100632886,0.18342442248569396
development-307,0.8526273213323011,0.12820063508806784,0.019172043579631117
development-308,0.12269533483715866,0.47599482481929045,0.4013098403435509
development-309,0.04359944323216437,0.949133467786889,0.0072670889809463395
development-310,0.9391340002184984,0.04850221787093377,0.012363781910567766
development-311,0.5967415036079473,0.08459328881202266,0.31866520758003036
development-312,0.816311172020947,0.1773976309087361,0.006291197070316687
development-313,0.5467805616418269,0.37900470024524496,0.07421473811292809
development-314,0.842685752573609,0.12217679646373804,0.035137450962652715
development-315,0.9282702952305608,0.06764518764105164,0.004084517128387724
development-316,0.7077135416678446,0.21009022782408637,0.08219623050806889
development-317,0.4568737794215248,0.5252298081588781,0.017896412419596976
development-318,0.883590293749292,0.05957281052189417,0.05683689572881374
development-319,0.980773500129365,0.007168328341247654,0.012058171529387289
development-320,0.776613510023753,0.15121261814984044,0.07217387182640654
development-321,0.9740013352089028,0.013993122220985985,0.01200554257011112
development-322,0.0925455042498952,0.8972945248053097,0.010159970944794998
development-323,0.7976408611685362,0.12640321960640027,0.07595591922506346
development-324,0.12388983386278841,0.8158058732681646,0.06030429286904741
development-325,0.22943160259488526,0.40694513452637526,0.3636232628787396
development-326,0.12613896944067107,0.8662322854454968,0.007628745113831985
development-327,0.9171867326033076,0.06447157413359002,0.018341693263102362
development-328,0.1812724349912617,0.1237956945107807,0.6949318704979572
development-329,0.34167996968489234,0.4153236704876059,0.2429963598275019
development-330,0.6401471657058727,0.26240280367006613,0.09745003062406091
development-331,0.7400442240723087,0.222337603847705,0.03761817207998614
development-332,0.2370079518721325,0.6945082423153077,0.06848380581255983
development-333,0.7362250859400636,0.16406264909011742,0.09971226496981893
development-334,0.9298713208996511,0.05219948520984484,0.017929193890504055
development-335,0.5193482994538958,0.3900738880000019,0.09057781254610221
development-336,0.14342956671414334,0.5264907368781351,0.33007969640772156
development-337,0.2841678993414565,0.19655618460175203,0.5192759160567915
development-338,0.9307214725087932,0.02833962455204455,0.04093890293916213
development-339,0.8860715018704589,0.056630589708583895,0.05729790842095729
development-340,0.1842841804595245,0.8074767241915977,0.008239095348877616
development-341,0.6308218980708586,0.29235814132425547,0.07681996060488588
development-342,0.16971596306241601,0.6219694952084844,0.2083145417290996
development-343,0.917075790663982,0.02673501692201152,0.05618919241400638
development-344,0.09715312832790433,0.8656780830356462,0.03716878863644932
development-345,0.2380953850314288,0.6028742773592312,0.15903033760933996
development-346,0.12612170333212908,0.3606905960435074,0.5131877006243637
development-347,0.9123084706376288,0.045143233168887575,0.042548296193483895
development-348,0.2903773441984489,0.5513116446937582,0.15831101110779267
development-349,0.4216682983446631,0.21938661347171445,0.3589450881836224
development-350,0.13593155486831623,0.16836316840580834,0.6957052767258752
development-351,0.4536394699605683,0.19227878828507547,0.354081741754356
development-352,0.920909671323283,0.06770437699250474,0.011385951684212284
development-353,0.4210523227437252,0.3472567044731467,0.23169097278312792
development-354,0.1398798897312038,0.8136178607189559,0.04650224954984028
development-355,0.7640927147202112,0.14496454289094834,0.09094274238884036
development-356,0.5033606987072701,0.4469350061697346,0.04970429512299513
development-357,0.8775093241855256,0.09593708109647818,0.026553594717996072
development-358,0.19904308708364515,0.13507412806415228,0.6658827848522025
development-359,0.1824197668714526,0.6954591004748163,0.1221211326537309
development-360,0.9733027316537042,0.022495430072130992,0.0042018382741649965
development-361,0.571962674204896,0.34773285113423974,0.08030447466086421
development-362,0.11157750534135125,0.8269803475016674,0.06144214715698149
development-363,0.0043984642543008125,0.9821081446026501,0.013493391143049047
development-364,0.9507533590783905,0.03447914284808932,0.014767498073520305
development-365,0.7392679011083341,0.1382884700887236,0.12244362880294227
development-366,0.4706627293606744,0.4857552174711392,0.043582053168186606
development-367,0.6192932882238583,0.35405834579356027,0.026648365982581548
development-368,0.9503670517841684,0.02092776734866756,0.02870518086716439
development-369,0.45538174186063357,0.4993485433280848,0.045269714811281433
development-370,0.3866210119579627,0.42937114230679124,0.18400784573524612
development-371,0.5219489273935136,0.4094800983899677,0.06857097421651846
development-372,0.531202538755556,0.4300926412772431,0.038704819967200675
development-373,0.9031610477453101,0.04558800476653602,0.051250947488153994
development-374,0.025488445960411672,0.9334533813824228,0.04105817265716547
development-375,0.17389361973235765,0.2366066160119161,0.5894997642557264
development-376,0.012331999631788364,0.9743094841595857,0.013358516208626006
development-377,0.4296691870572921,0.10809046003568912,0.46224035290701865
development-378,0.025315195800364107,0.9632874591886685,0.011397345010967277
development-379,0.40014556955654235,0.596204029834187,0.003650400609270968
development-380,0.7796996655481029,0.18126094091887218,0.03903939353302524
development-381,0.5778963267300525,0.23072986076693114,0.19137381250301663
development-382,0.06485260539775697,0.9218721802827058,0.013275214319537133
development-383,0.9438747747633938,0.020192297803375395,0.03593292743323053
development-384,0.22274237595674345,0.75447774057145,0.02277988347180658
development-385,0.09400439778563095,0.8898054675993671,0.016190134615002183
development-386,0.23559477824013692,0.3983267909625713,0.3660784307972915
development-387,0.9333662765297053,0.04417912068654647,0.022454602783748195
development-388,0.13814732999536908,0.8136821015178337,0.04817056848679752
development-389,0.9905235581248524,0.00700954261604848,0.0024668992590990003
development-390,0.6154775408137845,0.36529977353217746,0.0192226856540382
development-391,0.7752213589092957,0.14307275216042467,0.08170588893027961
development-392,0.6422136439236469,0.34358043741992905,0.014205918656424042
development-393,0.1369583735094912,0.8322540916503641,0.03078753484014462
development-394,0.1739825007461183,0.7838517140086868,0.04216578524519485
development-395,0.4899118837692111,0.29283026198706424,0.21725785424372457
development-396,0.025660152802379127,0.9663703926496925,0.007969454547928495
development-397,0.20091781567180528,0.7114759468651436,0.08760623746305082
development-398,0.12310511215182668,0.7119285312211688,0.16496635662700457
development-399,0.6140084910618082,0.07973010433058923,0.3062614046076028
development-400,0.7248841650621619,0.05091001983036389,0.22420581510747434
development-401,0.40760114921373297,0.5839735230154043,0.008425327770862547
development-402,0.0988215688948145,0.813730311596362,0.08744811950882322
development-403,0.14490480485257384,0.644965583546669,0.21012961160075722
development-404,0.9475673869891396,0.013072804173506392,0.03935980883735408
development-405,0.07095568234481744,0.48936518381938354,0.43967913383579926
development-406,0.3245696598924523,0.04940402443986314,0.6260263156676844
development-407,0.2265635455023194,0.3552426623127177,0.41819379218496283
development-408,0.7728446620239494,0.17354151254954986,0.053613825426500804
development-409,0.9703621053430822,0.005480054456747421,0.02415784020017032
development-410,0.814476145340943,0.1765774086001412,0.008946446058915815
development-411,0.8701603595275682,0.06511538828710253,0.06472425218532897
development-412,0.9800843856081921,0.011851927688008947,0.008063686703799082
development-413,0.1701295737510957,0.6698874849764361,0.15998294127246795
development-414,0.9689454122074923,0.01245717996143886,0.018597407831068714
development-415,0.1288784451501872,0.8293688851521493,0.041752669697663315
development-416,0.6402119543788357,0.33969588623583524,0.020092159385329073
development-417,0.9471206049609855,0.019321916266824647,0.03355747877218989
development-418,0.25533701487415905,0.7146712590691036,0.029991726056737323
development-419,0.5903615306188057,0.3841466254515091,0.0254918439296853
development-420,0.9360125975569387,0.04806529212758202,0.01592211031547916
development-421,0.9183696088106491,0.06316481936549882,0.018465571823852073
development-422,0.9523708282951185,0.01390139961999276,0.03372777208488855
development-423,0.855911854719902,0.12046890673551339,0.02361923854458458
development-424,0.44884787662312103,0.3894671708028774,0.1616849525740016
development-425,0.942771594605905,0.01941729432223173,0.03781111107186325
development-426,0.10628990459468601,0.8297328620793133,0.0639772333260005
development-427,0.31995904151833626,0.35542557436073313,0.32461538412093077
development-428,0.8586861810334212,0.044079478747887806,0.09723434021869104
development-429,0.7643235274567397,0.18039888041041083,0.05527759213284952
development-430,0.3679731049019077,0.5530103166744024,0.07901657842368999
development-431,0.06124209824879277,0.8266638219865768,0.11209407976463023
development-432,0.1340536227948796,0.7868052508138292,0.07914112639129121
development-433,0.6572456809876475,0.32619128111343015,0.016563037898922422
development-434,0.4629446768642162,0.1748014752699771,0.36225384786580683
development-435,0.12205155921854456,0.8384701027242824,0.03947833805717299
development-436,0.16037745151481625,0.7358193375520928,0.10380321093309114
development-437,0.8905861628367657,0.0958749501559539,0.013538887007280533
development-438,0.34502623094078205,0.623871223998994,0.03110254506022416
development-439,0.2813377769384254,0.6471634708962483,0.0714987521653261
development-440,0.04860416544392742,0.9466416020651235,0.004754232490949041
development-441,0.6763577933811095,0.2779441817046685,0.04569802491422207
development-442,0.024629187468200937,0.9244156254073633,0.05095518712443556
development-443,0.2607527920312683,0.5560824049924497,0.18316480297628207
development-444,0.35301577168138043,0.5258354097809038,0.1211488185377155
development-445,0.17468543388139707,0.7144860817467212,0.11082848437188153
development-446,0.23474776273070458,0.6200785255851217,0.14517371168417384
development-447,0.9908644309589674,0.006103938593131737,0.003031630447900916
development-448,0.020092995315102516,0.851386268403321,0.1285207362815766
development-449,0.3922580549363204,0.545249194271645,0.06249275079203457
development-450,0.3689682570773145,0.5177079283159381,0.11332381460674758
development-451,0.085011571088783,0.859722709015225,0.055265719895991994
development-452,0.9023727663229226,0.06640769476232682,0.031219538914750346
development-453,0.8916601355611438,0.02832861959586934,0.0800112448429869
development-454,0.34438944397995064,0.6301868585568074,0.025423697463241957
development-455,0.6746448770314016,0.12804149683926286,0.1973136261293357
development-456,0.3679022642226065,0.469124989812459,0.16297274596493436
development-457,0.372320345180948,0.6135773055946235,0.014102349224428476
development-458,0.2487882463634386,0.613433384922034,0.1377783687145274
development-459,0.16866752774693494,0.7118122423054889,0.11952022994757622
development-460,0.37107893459826374,0.3327731697734776,0.29614789562825844
development-461,0.04255893925103108,0.9019268578044096,0.05551420294455912
development-462,0.9224164947401926,0.05327228443840605,0.024311220821401153
development-463,0.05597722259596362,0.5537745536485766,0.39024822375545953
development-464,0.5312851744150078,0.39538762246683423,0.07332720311815799
development-465,0.6404435026703222,0.2021306643743785,0.15742583295529894
development-466,0.41253932101504615,0.5446872338374817,0.04277344514747222
development-467,0.8491142400360783,0.015285632500391189,0.13560012746353076
development-468,0.688812728148364,0.0984594069479082,0.21272786490372772
development-469,0.935466726694127,0.054780810319744216,0.009752462986128672
development-470,0.13433310039121713,0.709244496527323,0.1564224030814598
development-471,0.5592454343194481,0.22149066719053526,0.21926389849001643
development-472,0.8872273498097055,0.023131068687161024,0.08964158150313326
development-473,0.03773050635568682,0.8864387970622059,0.07583069658210738
development-474,0.12592175173851286,0.415663164161313,0.45841508410017423
development-475,0.14362056057247835,0.7675671408906831,0.08881229853683859
development-476,0.19265618449688396,0.7383744742198213,0.06896934128329459
development-477,0.06520336414354468,0.8959374368397216,0.038859199016733875
development-478,0.2440464750024095,0.6231938156600045,0.13275970933758582
development-479,0.27698171999381505,0.5394163686701622,0.1836019113360229
development-480,0.9711445538894834,0.02599995140645451,0.0028554947040618788
development-481,0.03915039569784071,0.9463343980901313,0.014515206212027723
development-482,0.9575416941922614,0.03329369569240796,0.009164610115330799
development-483,0.8251259962915464,0.08001003362302625,0.09486397008542745
development-484,0.8008739485519424,0.1869507621086,0.012175289339457801
development-485,0.8338740287807584,0.09262482842088961,0.07350114279835203
development-486,0.7984869786412953,0.06847677768336283,0.1330362436753421
development-487,0.7329239923688995,0.21196004122011686,0.05511596641098376
development-488,0.34117385782408266,0.5836530484019924,0.07517309377392514
development-489,0.9033591263823201,0.0594664781459353,0.0371743954717447
development-490,0.03606455897325418,0.9397013797048508,0.02423406132189495
development-491,0.7071633612892487,0.2905645521669934,0.0022720865437579033
development-492,0.8406548642554641,0.13651435819368454,0.02283077755085155
development-493,0.521454845369572,0.4044279377546268,0.07411721687580095
development-494,0.036637922703983736,0.8836898787181261,0.07967219857789
development-495,0.008179927805844204,0.8233237116734256,0.1684963605207302
development-496,0.037622462042889396,0.9560740664018368,0.00630347155527384
development-497,0.04483150052797593,0.9174944959048097,0.03767400356721412
development-498,0.4389808713721615,0.3933853200982076,0.16763380852963103
development-499,0.024621415937273645,0.9297443541185882,0.04563422994413808
development-500,0.8111140282065332,0.16947877015219417,0.019407201641272784
development-501,0.23640893373165528,0.3305260239007835,0.4330650423675612
development-502,0.7678926448062625,0.1670664349190492,0.06504092027468815
development-503,0.6507012281419808,0.33545643140627335,0.013842340451745691
development-504,0.37450913596530555,0.5849434867398947,0.040547377294800006
development-505,0.45267119804870654,0.06362634527251144,0.4837024566787821
development-506,0.8848756499627838,0.10042124239977762,0.014703107637438444
development-507,0.2558725204643198,0.7115199559077074,0.03260752362797263
development-508,0.7326863163974606,0.19705465630241273,0.07025902730012666
development-509,0.29471608178946473,0.6067235613271493,0.09856035688338641
development-510,0.4128094306648535,0.4223747112940808,0.16481585804106544
development-511,0.8426838175522093,0.13926563559123045,0.01805054685656013
development-512,0.974542854773299,0.02134733715604399,0.004109808070657063
development-513,0.9738833634287953,0.01929992679266776,0.006816709778537031
development-514,0.4005024708208255,0.5286700337058755,0.07082749547329893
development-515,0.8604129553570267,0.07100050074331218,0.06858654389966114
development-516,0.2024698392993106,0.7797529108680995,0.017777249832589697
development-517,0.018509605722579644,0.8612827289427147,0.12020766533470573
development-518,0.11201683164543473,0.34970637392976256,0.5382767944248026
development-519,0.49898728673673304,0.39992439259056295,0.10108832067270405
development-520,0.44981885206739824,0.5373048755824474,0.012876272350154214
development-521,0.9341488765267437,0.04781680993043489,0.018034313542821437
development-522,0.8850842592005481,0.09830425529779484,0.016611485501657038
development-523,0.5540284610345775,0.3587922886458775,0.08717925031954495
development-524,0.1426564909521816,0.7914701246871731,0.06587338436064545
development-525,0.3608113113225793,0.5592124777811504,0.07997621089627015
development-526,0.9216952150313521,0.06730480710176265,0.010999977866885322
development-527,0.01234003563204493,0.9830142038032088,0.00464576056474618
development-528,0.09591341275463035,0.8654256924735457,0.03866089477182406
development-529,0.14185026810685294,0.06401804545226387,0.7941316864408833
development-530,0.2092128625276914,0.11023091139779591,0.6805562260745129
development-531,0.043354762597651794,0.8600765753782128,0.09656866202413548
development-532,0.08272755047731592,0.020740848722969076,0.896531600799715
development-533,0.05551796695378663,0.8989344652738298,0.04554756777238343
development-534,0.09348229347436221,0.9003371000466434,0.006180606478994288
